pool 0.995118260383606 67.0652847290039 90.05572509765625 111.25438690185547 134.6193084716797
car 0.9250194430351257 0.0 197.3824462890625 4.026394844055176 208.3846893310547
car 0.7116864323616028 0.0 218.58522033691406 5.891615390777588 224.0
car 0.45801714062690735 0.04865184798836708 197.2022247314453 2.321692705154419 207.18675231933594
car 0.2951893210411072 0.0 219.88790893554688 1.8917845487594604 223.8038787841797
car 0.29304859042167664 0.0715794786810875 220.84259033203125 5.046117305755615 223.85214233398438
car 0.1633952558040619 0.09778100997209549 217.40933227539062 2.464448928833008 223.1621551513672
car 0.1579088270664215 0.0 195.64248657226562 0.910763680934906 205.2362060546875
car 0.11125891655683517 0.21848049759864807 197.2483673095703 1.4042551517486572 205.27549743652344
car 0.10914798825979233 0.026710491627454758 216.45970153808594 1.4267127513885498 221.774169921875
car 0.10807785391807556 0.38983458280563354 197.58709716796875 0.9906372427940369 206.59597778320312
car 0.0929095521569252 0.003893371904268861 196.10733032226562 0.20923613011837006 199.75070190429688
car 0.09049398452043533 0.19178035855293274 199.0780487060547 6.466261863708496 209.88629150390625
car 0.08800177276134491 0.0 197.42288208007812 0.4558490812778473 205.4219512939453
car 0.08635557442903519 0.6761167049407959 221.8466339111328 6.11067533493042 224.0
car 0.05769576504826546 0.0015844154404476285 196.5290069580078 0.36591997742652893 201.7144317626953
