car 0.9984569549560547 168.7387237548828 133.61642456054688 179.88133239746094 144.68801879882812
car 0.9984186887741089 96.2317123413086 20.51791763305664 107.34033203125 31.539371490478516
pool 0.983144998550415 0.0 121.6036148071289 12.826250076293945 159.93894958496094
car 0.7915117740631104 84.94633483886719 142.95762634277344 96.5555648803711 154.163818359375
pool 0.4542144536972046 0.0 132.6891632080078 8.803586959838867 161.8134765625
pool 0.3259921073913574 0.0 118.93509674072266 6.870652198791504 157.0070343017578
pool 0.12506690621376038 0.0 91.753173828125 4.23527193069458 112.70723724365234
pool 0.12283172458410263 0.0 127.94742584228516 4.286298751831055 153.57444763183594
pool 0.09002925455570221 0.0 136.70547485351562 4.311222553253174 163.85414123535156
pool 0.07233008742332458 221.49563598632812 117.7824935913086 223.92437744140625 136.0522918701172
pool 0.05898551270365715 0.0 94.81523895263672 2.1012868881225586 111.77251434326172
