car 0.9986934065818787 45.27041244506836 24.95979881286621 56.346195220947266 35.92900466918945
car 0.9589912295341492 165.62478637695312 5.729490756988525 176.85606384277344 16.85774040222168
pool 0.7654510140419006 217.8759307861328 179.62664794921875 224.0 211.3256378173828
pool 0.5852410197257996 213.77291870117188 175.20252990722656 223.76104736328125 214.24154663085938
pool 0.5305067300796509 220.79136657714844 181.2221221923828 224.0 208.91293334960938
car 0.4051820933818817 124.06770324707031 186.85406494140625 135.17086791992188 198.02566528320312
pool 0.2267497330904007 220.65512084960938 193.85427856445312 223.87173461914062 216.41554260253906
pool 0.2231207638978958 221.50241088867188 188.8937225341797 223.53302001953125 212.35687255859375
pool 0.19042383134365082 218.47779846191406 188.00692749023438 222.97830200195312 215.3277130126953
car 0.05810164287686348 52.26984786987305 120.56171417236328 63.64366912841797 131.70860290527344
car 0.05509871244430542 0.17893847823143005 194.03150939941406 1.2976000308990479 201.20462036132812
pool 0.05490593612194061 221.40574645996094 177.46026611328125 223.9221954345703 199.76890563964844
