pool 0.9975984692573547 0.0 181.89398193359375 27.459369659423828
car 0.6505977511405945 214.1676483154297 161.95684814453125 223.8316192626953
pool 0.3328756093978882 109.68316650390625 217.45553588867188 138.80763244628906
car 0.210593581199646 123.29383850097656 223.97439575195312 128.72325134277344
pool 0.17206916213035583 123.23454284667969 223.97415161132812 128.7882080078125
pool 0.14801988005638123 111.7197265625 221.52105712890625 131.4262237548828
car 0.13254638016223907 115.74872589111328 39.24215316772461 126.3408432006836
pool 0.1214236244559288 115.76722717285156 220.55738830566406 141.3440399169922
pool 0.11307470500469208 106.8651351928711 212.448974609375 146.0284423828125
pool 0.09343840926885605 103.25056457519531 219.7094268798828 131.3907470703125
pool 0.06783419847488403 116.75289916992188 222.33810424804688 133.4010009765625
car 0.05939669907093048 218.52163696289062 160.48777770996094 223.58453369140625
pool 0.05047250911593437 124.1218032836914 223.92626953125 130.16856384277344
