car 0.9991507530212402 146.65557861328125 74.20985412597656 157.7183380126953 85.2665023803711
car 0.9987897276878357 102.32859802246094 20.808029174804688 113.50594329833984 31.869953155517578
car 0.9987649917602539 111.03421783447266 114.92971801757812 122.17723846435547 126.10148620605469
car 0.9987221360206604 19.096389770507812 14.878355979919434 30.13761329650879 26.036088943481445
car 0.9984139204025269 133.78086853027344 1.716210126876831 144.77894592285156 12.881124496459961
car 0.9984026551246643 165.9549102783203 89.41707611083984 176.9593048095703 100.52052307128906
car 0.9983587861061096 171.52847290039062 163.7586669921875 182.6512908935547 174.95199584960938
car 0.9982131719589233 31.197290420532227 38.9470100402832 42.175025939941406 50.13371658325195
car 0.9981327652931213 25.743688583374023 26.331207275390625 36.82291793823242 37.40998077392578
car 0.99810791015625 124.24629974365234 9.809771537780762 135.56265258789062 20.891809463500977
car 0.9979987740516663 175.9927520751953 93.97599792480469 187.14718627929688 105.15603637695312
car 0.9978532195091248 126.89686584472656 48.87728500366211 137.95272827148438 60.05143737792969
car 0.99781334400177 112.95756530761719 15.447850227355957 124.04121398925781 26.639144897460938
car 0.9976093769073486 10.856167793273926 3.7094900608062744 21.956802368164062 14.806830406188965
car 0.9961438179016113 99.34065246582031 108.63031768798828 110.41557312011719 119.64878845214844
car 0.99409419298172 191.98275756835938 180.22840881347656 202.97142028808594 191.40480041503906
car 0.9889877438545227 143.2755584716797 0.0 154.03518676757812 5.101151943206787
car 0.89967280626297 181.96412658691406 173.75045776367188 193.26406860351562 185.3148193359375
car 0.6641312837600708 131.88563537597656 132.6230010986328 142.83499145507812 143.62599182128906
car 0.06854382902383804 184.3561248779297 106.27552032470703 195.70692443847656 117.548095703125
