car 0.9894206523895264 42.23543930053711 44.60148620605469 53.51142120361328 55.853214263916016
car 0.9875562787055969 217.97462463378906 35.1827507019043 224.0 46.254703521728516
car 0.5192700624465942 220.77706909179688 35.435821533203125 224.0 45.38979721069336
car 0.292876273393631 219.82867431640625 2.3406741619110107 223.9912109375 12.305462837219238
car 0.2628999650478363 222.84552001953125 35.77540588378906 223.5137939453125 43.78272247314453
car 0.19646957516670227 222.03468322753906 35.50531005859375 222.71646118164062 44.026981353759766
car 0.12393393367528915 221.6968994140625 3.328901767730713 223.43035888671875 12.995116233825684
car 0.10350656509399414 221.4812774658203 35.54208755493164 223.05751037597656 45.2706184387207
pool 0.09070179611444473 79.21942901611328 47.22214126586914 126.50601959228516 91.98507690429688
car 0.08938886225223541 222.1297607421875 35.34364318847656 224.0 43.175498962402344
car 0.065700002014637 222.70263671875 33.93281555175781 223.31805419921875 39.77204132080078
