car 0.9982604384422302 109.74221801757812 154.94956970214844 120.8730697631836
car 0.4227987229824066 220.72125244140625 174.19078063964844 223.94834899902344
car 0.2336650788784027 222.17135620117188 174.60089111328125 223.87791442871094
car 0.210593581199646 223.9908905029297 173.5907440185547 224.0
car 0.210593581199646 223.9764404296875 175.8798370361328 224.0
car 0.210593581199646 223.96414184570312 181.4381866455078 224.0
car 0.210593581199646 223.99583435058594 181.1747283935547 224.0
car 0.1732376664876938 221.96202087402344 176.08351135253906 222.70672607421875
pool 0.17206916213035583 223.97618103027344 175.85723876953125 224.0
pool 0.17206916213035583 223.9957733154297 181.13800048828125 224.0
pool 0.17206916213035583 223.96377563476562 181.40316772460938 224.0
pool 0.17206916213035583 223.99078369140625 173.56942749023438 224.0
car 0.16218703985214233 221.49073791503906 172.42259216308594 223.94393920898438
car 0.10769257694482803 222.7766876220703 176.0275115966797 224.0
car 0.07688811421394348 221.7879638671875 176.970458984375 222.3492889404297
car 0.06446925550699234 218.8252716064453 172.2855682373047 223.58676147460938
car 0.06115856394171715 222.3649444580078 176.98724365234375 223.74111938476562
car 0.057493776082992554 222.7799072265625 174.32037353515625 223.89915466308594
pool 0.055009838193655014 0.5132015943527222 0.02369520254433155 19.822368621826172
car 0.0548611544072628 222.16212463378906 175.15328979492188 222.5512237548828
car 0.05366833880543709 223.07876586914062 176.6935577392578 223.91354370117188
