car 0.9990578293800354 193.5666961669922 21.57036018371582 204.69119262695312
car 0.9990229606628418 122.23858642578125 22.12511444091797 133.2910614013672
car 0.998969316482544 62.948123931884766 23.397476196289062 74.04501342773438
car 0.9987441301345825 170.54598999023438 20.837501525878906 181.7890625
car 0.9987255930900574 144.2325897216797 21.289997100830078 155.3136749267578
car 0.9985001087188721 181.48451232910156 22.526912689208984 192.66732788085938
car 0.9984686970710754 109.36669158935547 22.8631591796875 120.56454467773438
car 0.9982290863990784 74.58627319335938 21.241653442382812 85.5660171508789
car 0.9980416297912598 157.87237548828125 21.078521728515625 168.99864196777344
car 0.9977343082427979 50.426918029785156 22.58051109313965 61.51726150512695
car 0.9976634979248047 85.56621551513672 20.561845779418945 96.77265930175781
car 0.9975056052207947 98.24689483642578 20.91217613220215 109.45462036132812
car 0.752943754196167 218.11325073242188 18.115619659423828 223.56265258789062
car 0.5777994394302368 221.05422973632812 18.246206283569336 223.93414306640625
car 0.4224429130554199 222.08975219726562 20.102415084838867 224.0
car 0.42105984687805176 222.0015106201172 17.78152084350586 223.6247100830078
car 0.27105340361595154 222.8318634033203 17.901840209960938 224.0
car 0.2121998816728592 222.38345336914062 21.91246795654297 223.25685119628906
car 0.17345160245895386 222.15328979492188 22.145002365112305 222.81224060058594
car 0.15681672096252441 222.7464141845703 22.834945678710938 223.5633087158203
car 0.10895214229822159 221.98997497558594 23.178007125854492 223.19662475585938
car 0.10325375944375992 221.97784423828125 23.66160774230957 222.3300323486328
car 0.09388456493616104 222.4767303466797 24.3497257232666 222.90859985351562
car 0.07048211991786957 222.12538146972656 26.415695190429688 223.2301788330078
car 0.06705643236637115 221.88966369628906 20.94987678527832 223.1392059326172
car 0.06189391389489174 222.21786499023438 25.63370132446289 222.5717010498047
car 0.0600876584649086 222.2323455810547 27.474397659301758 222.49070739746094
car 0.05905903875827789 222.38584899902344 18.100831985473633 223.43423461914062
car 0.05536165460944176 221.92930603027344 18.687999725341797 223.0298309326172
car 0.05457645654678345 222.8746337890625 21.525535583496094 223.96571350097656
car 0.05313993990421295 222.67543029785156 17.3112735748291 223.5723114013672
