car 0.994726836681366 158.7579345703125 0.0 169.59866333007812
pool 0.9908232688903809 36.91144943237305 197.75799560546875 81.59213256835938
car 0.626688539981842 135.89491271972656 0.0 145.75515747070312
car 0.44195255637168884 135.0582275390625 0.0 143.91482543945312
car 0.39212504029273987 135.6217803955078 0.03663088008761406 143.34771728515625
pool 0.25708749890327454 39.87560272216797 210.57540893554688 74.26214599609375
car 0.24288687109947205 136.72979736328125 0.2747805118560791 144.75485229492188
car 0.21516725420951843 134.6945343017578 0.0 141.21168518066406
car 0.15522658824920654 134.0283203125 0.1297810822725296 140.67431640625
car 0.0994572639465332 135.61062622070312 0.0 140.63287353515625
car 0.09505555778741837 137.44920349121094 0.0 142.7837371826172
car 0.08263812214136124 135.16647338867188 0.1672990620136261 138.58877563476562
car 0.06585436314344406 134.62393188476562 0.0 138.5834197998047
pool 0.0645361989736557 46.96670913696289 215.61593627929688 82.05120849609375
car 0.0594574399292469 137.9155731201172 0.14661364257335663 145.32778930664062
