car 0.9932032823562622 209.5006866455078 31.743175506591797 220.8489227294922
car 0.210593581199646 223.9673614501953 100.38783264160156 224.0
car 0.210593581199646 223.9602813720703 20.105112075805664 224.0
car 0.210593581199646 223.99508666992188 99.34605407714844 224.0
car 0.1777910739183426 219.71922302246094 29.834348678588867 223.9766387939453
pool 0.17206916213035583 223.95985412597656 20.076311111450195 224.0
pool 0.17206916213035583 223.9669952392578 100.35740661621094 224.0
pool 0.17206916213035583 223.99502563476562 99.3155288696289 224.0
car 0.16681675612926483 221.6142120361328 29.724414825439453 223.41970825195312
car 0.14545901119709015 213.52719116210938 30.792531967163086 223.78201293945312
car 0.12468240410089493 222.02157592773438 30.874229431152344 223.0382843017578
car 0.09257889539003372 221.03761291503906 30.978559494018555 222.865234375
car 0.0674000158905983 221.5171661376953 31.182086944580078 222.48951721191406
car 0.058601222932338715 220.57528686523438 26.324413299560547 224.0
car 0.05274232476949692 221.9602813720703 30.205244064331055 223.46311950683594
