car 0.9990026354789734 208.16555786132812 98.31954956054688 219.164306640625 109.48088836669922
car 0.9989416003227234 162.98965454101562 151.54946899414062 174.0382080078125 162.63446044921875
car 0.9988983869552612 79.90901947021484 182.6443328857422 91.00755310058594 193.81695556640625
car 0.9988781809806824 97.91805267333984 167.14085388183594 109.01288604736328 178.2515106201172
car 0.9988546371459961 141.708740234375 165.7574920654297 152.955810546875 176.89773559570312
car 0.9985001087188721 202.4456787109375 197.07135009765625 213.51441955566406 208.2004852294922
car 0.9982571005821228 151.67811584472656 159.21653747558594 162.70822143554688 170.38656616210938
car 0.9980624318122864 109.0423812866211 161.45655822753906 120.1576156616211 172.608154296875
car 0.9978027939796448 89.70428466796875 175.729248046875 100.75081634521484 186.8846435546875
car 0.26419419050216675 0.0 198.5884552001953 9.535017013549805 210.1552734375
car 0.21817657351493835 107.67369079589844 98.82254028320312 119.4516372680664 109.746337890625
car 0.19210480153560638 221.91929626464844 192.16802978515625 223.75392150878906 200.59646606445312
car 0.10847831517457962 84.77581024169922 119.95198822021484 96.07498168945312 131.00941467285156
car 0.09505205601453781 222.15341186523438 194.44105529785156 223.52664184570312 199.78736877441406
car 0.08279911428689957 221.942138671875 195.35177612304688 223.1871337890625 200.84938049316406
car 0.07986091077327728 221.2294158935547 193.52308654785156 223.35647583007812 202.22140502929688
car 0.06691448390483856 222.6885223388672 191.78358459472656 224.0 199.08804321289062
car 0.06170345097780228 222.52236938476562 193.7908477783203 223.4757080078125 198.52627563476562
car 0.06102237105369568 221.73983764648438 192.67250061035156 222.76060485839844 197.31724548339844
