pool 0.9984519481658936 4.9268717765808105 74.659423828125 48.37441635131836 118.81513977050781
pool 0.9979842901229858 142.95416259765625 41.6541862487793 187.7734832763672 84.79084014892578
pool 0.9855661392211914 102.79586029052734 0.24039322137832642 145.27340698242188 23.329769134521484
car 0.30096492171287537 16.84773063659668 0.02453327178955078 27.820789337158203 6.059849262237549
pool 0.22876077890396118 97.77876281738281 0.0 138.62142944335938 12.23177719116211
car 0.1899181455373764 17.051481246948242 0.0 27.241792678833008 3.2681586742401123
car 0.16877931356430054 15.955041885375977 0.0 24.947546005249023 1.4192583560943604
pool 0.09211396425962448 217.06944274902344 1.402126669883728 223.93394470214844 28.448015213012695
pool 0.06772494316101074 220.83236694335938 2.344360113143921 223.9957275390625 25.53306770324707
pool 0.06210409849882126 216.30186462402344 216.88009643554688 223.9590301513672 224.0
