car 0.9989626407623291 18.58571434020996 55.984867095947266 29.791311264038086 67.18395233154297
car 0.9988613128662109 8.375554084777832 136.24136352539062 19.262907028198242 147.4619598388672
car 0.9988535642623901 38.896942138671875 117.57635498046875 49.99388122558594 128.57876586914062
car 0.9985268115997314 140.0355987548828 28.184629440307617 151.0918731689453 39.243255615234375
car 0.9662916660308838 155.7569580078125 143.67164611816406 167.1165771484375 154.83985900878906
car 0.4445946216583252 46.609840393066406 0.0 56.88669967651367 1.8899130821228027
car 0.3456950783729553 47.39982986450195 0.0 57.57841491699219 4.741527080535889
car 0.155948668718338 188.51290893554688 218.4503631591797 200.9803924560547 224.0
car 0.13326434791088104 0.0 16.381675720214844 1.4474836587905884 24.69683074951172
car 0.12546157836914062 45.12128829956055 0.0 54.69258499145508 3.118558883666992
car 0.10450208187103271 50.29885482788086 0.11093401163816452 57.302860260009766 1.1739349365234375
car 0.09197355806827545 43.54334259033203 0.11968077719211578 51.72621536254883 1.390424370765686
car 0.08849532902240753 50.264923095703125 0.0 56.09382247924805 0.712730884552002
car 0.0696498230099678 44.3505973815918 0.051771312952041626 48.848541259765625 0.6666615605354309
car 0.05607365071773529 0.004530143924057484 19.62207794189453 1.0273501873016357 26.56772804260254
car 0.055136073380708694 42.54280090332031 0.0 49.656105041503906 1.0825356245040894
