pool 0.9547452926635742 0.5411627292633057 212.5072479248047 35.05739974975586 223.92466735839844
pool 0.8106974363327026 0.0 217.35733032226562 28.733074188232422 223.84292602539062
pool 0.4878283441066742 1.1168490648269653 220.48423767089844 25.939722061157227 224.0
pool 0.39075902104377747 8.688287734985352 217.51763916015625 38.6932258605957 224.0
pool 0.19581875205039978 6.276534557342529 221.43353271484375 31.25406837463379 223.86175537109375
pool 0.07942019402980804 0.0 220.92041015625 14.597460746765137 223.94175720214844
pool 0.0721714124083519 7.356906414031982 223.93922424316406 12.005203247070312 223.99771118164062
pool 0.06622429937124252 14.656639099121094 221.38775634765625 36.83346939086914 223.5845489501953
pool 0.06570133566856384 13.948100090026855 223.94509887695312 18.464488983154297 223.99734497070312
pool 0.06263528019189835 14.805535316467285 223.8916473388672 19.43467903137207 223.9946746826172
pool 0.05612007528543472 15.641912460327148 223.948486328125 20.508201599121094 223.9975128173828
