car 0.9962115287780762 206.28237915039062 36.56129837036133 217.31739807128906
car 0.9929183125495911 206.92153930664062 23.327760696411133 218.33091735839844
car 0.9920772314071655 204.48081970214844 6.6984405517578125 215.84634399414062
car 0.9882107973098755 207.58302307128906 50.45747375488281 218.58538818359375
car 0.9404083490371704 214.7130584716797 76.62223052978516 223.82362365722656
car 0.7221513390541077 214.84121704101562 63.100032806396484 223.73243713378906
car 0.3242500424385071 221.23336791992188 75.84320831298828 223.53895568847656
car 0.3154684007167816 222.29498291015625 75.24773406982422 223.67005920410156
car 0.3020400404930115 218.51092529296875 75.85803985595703 223.54611206054688
car 0.12274547666311264 219.9029541015625 63.30427932739258 223.61712646484375
car 0.06470983475446701 222.32342529296875 64.9413833618164 223.43429565429688
