car 0.9986670017242432 24.363019943237305 126.10572814941406 35.49336624145508 137.28126525878906
pool 0.9973270893096924 193.0596466064453 126.36998748779297 223.8293914794922 171.87908935546875
car 0.9014772176742554 0.1017509251832962 6.283419132232666 3.2643349170684814 16.222339630126953
car 0.7851996421813965 0.028998728841543198 7.5517497062683105 1.9249275922775269 16.12982749938965
car 0.3447473347187042 0.0 9.03970718383789 1.1103487014770508 16.650814056396484
car 0.1685352772474289 0.5346860885620117 8.888375282287598 1.4516663551330566 16.003446578979492
car 0.1384761780500412 0.051289793103933334 7.362865447998047 1.0041319131851196 13.967569351196289
car 0.136653333902359 0.2287595123052597 8.956138610839844 0.8320720791816711 15.395729064941406
car 0.10330812633037567 0.0 11.108067512512207 0.708269476890564 16.955947875976562
car 0.09640228003263474 0.2226133644580841 7.776750564575195 0.6326280236244202 12.584258079528809
car 0.09532632678747177 0.41691234707832336 8.367203712463379 1.054175853729248 14.111930847167969
car 0.09132612496614456 0.450872004032135 6.5809102058410645 5.596186637878418 16.547286987304688
car 0.08185596019029617 1.219862937927246 8.521742820739746 2.1866543292999268 16.315784454345703
car 0.07006548345088959 0.30968812108039856 6.921498775482178 1.190276861190796 12.437254905700684
car 0.0623055174946785 0.9870765209197998 8.502861022949219 1.623921275138855 15.949043273925781
car 0.058516357094049454 0.0 12.738455772399902 0.44342970848083496 17.704591751098633
car 0.0560060515999794 0.6389681696891785 8.159153938293457 1.8180958032608032 14.68287467956543
car 0.05559227243065834 0.0 11.721692085266113 1.3641057014465332 18.85569953918457
