car 0.9982728958129883 178.7315216064453 77.72930908203125 189.72828674316406 88.7577133178711
car 0.9979307651519775 192.6225128173828 63.285499572753906 203.73211669921875 74.51305389404297
car 0.997025191783905 17.07962417602539 126.16622161865234 28.08014678955078 137.203369140625
car 0.9433519244194031 0.08009422570466995 208.24391174316406 4.753881454467773 219.0825653076172
car 0.8488659858703613 81.2401123046875 0.07359781116247177 91.81352996826172 4.083612442016602
car 0.4997091293334961 0.0 209.47824096679688 2.5497796535491943 218.9403076171875
car 0.49448421597480774 81.63080596923828 0.22661012411117554 90.815185546875 1.707763910293579
car 0.30089834332466125 0.0 210.57444763183594 1.067063570022583 218.7406463623047
car 0.26995849609375 81.12955474853516 0.2713952958583832 89.51106262207031 1.0797232389450073
car 0.2380649894475937 80.5324478149414 0.4656537175178528 90.3204116821289 2.619279623031616
car 0.17815713584423065 80.84370422363281 0.06148241460323334 88.43490600585938 0.7128022909164429
car 0.17256468534469604 0.921970784664154 209.0091552734375 3.4044501781463623 219.17221069335938
car 0.10700283199548721 85.60362243652344 0.16532203555107117 92.88758850097656 1.1967124938964844
car 0.06612250208854675 80.0906982421875 0.192666158080101 86.7721939086914 0.897017776966095
car 0.06342258304357529 80.11030578613281 0.009496212005615234 86.63365936279297 0.4615159332752228
