car 0.9981762170791626 83.22687530517578 8.965550422668457 94.30170440673828
car 0.9970752000808716 146.719482421875 46.32660675048828 157.66781616210938
car 0.9965403079986572 95.29124450683594 26.630552291870117 106.29994201660156
car 0.10961753129959106 98.18148040771484 0.0 103.0660629272461
car 0.0860050693154335 90.99179077148438 0.06944945454597473 98.52391815185547
car 0.08497918397188187 98.02985382080078 0.0 101.96489715576172
car 0.0818280503153801 99.55119323730469 0.0 104.15447998046875
car 0.07989130169153214 92.29833221435547 0.0 101.08554077148438
car 0.06812325119972229 98.94322967529297 0.17666806280612946 104.06838989257812
car 0.06613820791244507 98.10995483398438 0.19379860162734985 101.9834213256836
car 0.06447358429431915 97.47770690917969 0.0 101.54405212402344
car 0.05975861847400665 95.06654357910156 0.0563197135925293 101.44459533691406
