pool 0.9984939098358154 99.53156280517578 2.5896048545837402 143.70965576171875
pool 0.9984307885169983 40.21437454223633 135.9452667236328 84.60540008544922
pool 0.9968235492706299 89.71460723876953 189.48681640625 134.5991668701172
car 0.210593581199646 44.56162643432617 223.96585083007812 48.147247314453125
car 0.210593581199646 47.93780517578125 223.98849487304688 51.3994140625
car 0.210593581199646 49.868804931640625 223.99703979492188 53.640201568603516
pool 0.17206916213035583 47.89999771118164 223.9884033203125 51.440826416015625
pool 0.17206916213035583 49.82761764526367 223.9970245361328 53.685325622558594
pool 0.17206916213035583 44.5224609375 223.96554565429688 48.190147399902344
pool 0.08731817454099655 56.58818054199219 221.17010498046875 78.21538543701172
pool 0.07424314320087433 49.16199493408203 218.80577087402344 81.4328384399414
pool 0.07039149850606918 57.55792999267578 223.90237426757812 61.631065368652344
pool 0.06688947975635529 45.339866638183594 223.890869140625 49.27031707763672
pool 0.06482800841331482 46.595123291015625 223.94503784179688 50.47240447998047
