car 0.9989412426948547 130.04156494140625 135.0740966796875 141.0479278564453 146.2428741455078
car 0.9985950589179993 159.88417053222656 51.80186462402344 170.8841552734375 63.04673385620117
car 0.9984374642372131 160.3438720703125 77.43962097167969 171.422607421875 88.4548110961914
car 0.9971622824668884 214.5618896484375 179.85733032226562 223.9641876220703 191.07237243652344
car 0.9970736503601074 188.47853088378906 176.40335083007812 199.56048583984375 187.40626525878906
car 0.9968698620796204 160.56483459472656 15.49285888671875 171.61158752441406 26.735658645629883
car 0.9938029050827026 202.1219940185547 177.90968322753906 212.95709228515625 188.8925323486328
car 0.9921461939811707 129.96401977539062 121.6602554321289 141.0830535888672 132.7422332763672
car 0.9900171160697937 217.80064392089844 8.459376335144043 224.0 19.4014949798584
car 0.9845893979072571 218.02200317382812 0.0 224.0 7.250177383422852
car 0.8680321574211121 214.138427734375 45.64996337890625 223.5106658935547 56.16099548339844
car 0.46853840351104736 126.03688049316406 170.36795043945312 137.14613342285156 181.53298950195312
car 0.44633910059928894 220.79502868652344 9.286005020141602 224.0 19.45992660522461
car 0.332527220249176 20.838003158569336 0.0 29.03680419921875 0.967336118221283
car 0.2515259385108948 19.60788917541504 0.213975191116333 27.71924591064453 1.3299380540847778
car 0.24233129620552063 220.9374542236328 0.0 224.0 5.985015869140625
car 0.1624590903520584 22.01828384399414 0.34602096676826477 29.49640655517578 1.1177351474761963
car 0.10082303732633591 21.46416473388672 0.3634287416934967 29.628582000732422 2.0122406482696533
car 0.09961257874965668 21.898019790649414 0.050536151975393295 27.300846099853516 0.2793266475200653
pool 0.08621681481599808 0.026227036491036415 61.19388198852539 15.685065269470215 101.98475646972656
car 0.08448464423418045 19.00543975830078 0.0005322218057699502 26.01011848449707 0.5342572927474976
car 0.08127903193235397 21.061189651489258 0.0 26.247995376586914 0.20542927086353302
car 0.07834616303443909 23.980703353881836 0.0 30.966493606567383 0.48598989844322205
car 0.07545851916074753 22.89383888244629 0.0 28.250577926635742 0.12429267913103104
car 0.07421875 24.055147171020508 0.1495828628540039 30.37862777709961 0.8182763457298279
car 0.0740915909409523 23.986448287963867 0.0 28.793638229370117 0.04509948194026947
car 0.060343995690345764 18.903295516967773 0.0 32.252254486083984 3.2676384449005127
car 0.05883646011352539 220.5029754638672 46.23048400878906 223.22023010253906 56.53337860107422
