car 0.9967970252037048 206.29147338867188 148.54563903808594 217.28482055664062 159.6168212890625
car 0.9955947995185852 204.16261291503906 118.79261016845703 215.3647918701172 130.0396728515625
car 0.9930790066719055 206.8067626953125 135.30360412597656 218.27281188964844 146.6073760986328
car 0.9846937656402588 207.54153442382812 162.3754425048828 218.57057189941406 173.53128051757812
car 0.9668341875076294 214.82379150390625 188.6350860595703 223.77142333984375 199.33865356445312
car 0.8550878763198853 214.69683837890625 175.01788330078125 223.7084197998047 186.03857421875
car 0.37162789702415466 218.60153198242188 187.9011993408203 224.0 197.86949157714844
car 0.2294289618730545 221.05429077148438 187.2663116455078 223.1410675048828 197.69393920898438
car 0.15202094614505768 219.1011962890625 175.00086975097656 223.685791015625 186.40505981445312
car 0.11102042347192764 222.27362060546875 184.9522705078125 223.61087036132812 196.18460083007812
car 0.05550147965550423 210.75807189941406 160.79208374023438 221.93714904785156 171.82614135742188
car 0.053965065628290176 223.10049438476562 177.640380859375 223.89633178710938 185.25018310546875
