pool 0.9985139966011047 10.755291938781738 48.735225677490234 55.091880798339844 92.87167358398438
car 0.2228018045425415 0.1804821640253067 222.14613342285156 1.2181683778762817 223.30386352539062
car 0.17364884912967682 0.3382419943809509 222.63656616210938 1.6967335939407349 223.6641845703125
car 0.12924005091190338 0.5710099935531616 222.04827880859375 1.8380547761917114 223.38096618652344
car 0.0895487442612648 0.035910703241825104 217.36056518554688 3.303767442703247 223.5400848388672
pool 0.0859830379486084 0.08711307495832443 107.5578384399414 6.693807601928711 141.9281005859375
pool 0.07686779648065567 0.0 103.02910614013672 2.785700798034668 124.45773315429688
pool 0.0748051181435585 0.008658342063426971 105.92042541503906 1.8398829698562622 121.4295425415039
car 0.0745818093419075 96.28020477294922 101.30561828613281 107.74099731445312 112.77473449707031
car 0.06510644406080246 0.7906284332275391 222.8053741455078 2.6156558990478516 223.87779235839844
pool 0.06501790136098862 0.0 111.39642333984375 2.333401679992676 135.4955291748047
car 0.06175662577152252 0.890684187412262 222.5052032470703 2.1709561347961426 223.55917358398438
car 0.05757942423224449 0.9546929001808167 222.11837768554688 2.5366415977478027 223.31787109375
car 0.053882673382759094 1.1992926597595215 222.1768798828125 1.975208044052124 223.15806579589844
