car 0.9989657402038574 3.7315475940704346 91.32754516601562 14.812355041503906
car 0.9987770915031433 170.1718292236328 11.31429672241211 181.31088256835938
car 0.9987468719482422 178.22213745117188 20.515575408935547 189.3538818359375
car 0.9986683130264282 212.31936645507812 84.219970703125 223.17552185058594
car 0.9985748529434204 176.97769165039062 175.23995971679688 188.12306213378906
car 0.9985113739967346 75.29887390136719 91.7823715209961 86.39835357666016
car 0.9982201457023621 161.8505859375 1.746631145477295 173.0059814453125
car 0.9981948733329773 186.94403076171875 101.83731842041016 198.0432586669922
car 0.9980897307395935 182.30503845214844 32.604713439941406 193.271484375
car 0.9978089928627014 210.6953125 14.20177173614502 221.79031372070312
car 0.997619092464447 36.21768569946289 31.69436264038086 47.382564544677734
car 0.9974308609962463 194.64730834960938 200.8747100830078 205.76657104492188
car 0.9968452453613281 38.779666900634766 208.17015075683594 50.03436279296875
car 0.9962975382804871 50.69577407836914 163.8970947265625 61.84159851074219
car 0.9962295889854431 120.28914642333984 160.10018920898438 131.22157287597656
car 0.9951536655426025 0.0 82.38509368896484 6.993772506713867
car 0.9946487545967102 203.59449768066406 91.54113006591797 214.6932373046875
car 0.9912279844284058 146.23851013183594 127.85105895996094 157.41824340820312
car 0.9883393049240112 10.400238037109375 101.56720733642578 21.469635009765625
car 0.9874436259269714 43.15782165527344 153.33554077148438 54.420616149902344
car 0.9855259656906128 35.91787338256836 142.73545837402344 46.939422607421875
car 0.8899592161178589 149.27919006347656 201.9413604736328 161.39784240722656
car 0.8427121639251709 27.049009323120117 141.4379425048828 38.139984130859375
car 0.7770398855209351 18.39617347717285 221.25328063964844 28.222108840942383
car 0.5624143481254578 18.049036026000977 219.20306396484375 28.77463150024414
car 0.19303427636623383 44.24200439453125 219.80416870117188 53.92031478881836
car 0.05502195656299591 19.955244064331055 222.2147674560547 28.764934539794922
