car 0.9983035326004028 182.83460998535156 182.93276977539062 193.8504180908203
pool 0.9962873458862305 37.93397521972656 195.871337890625 81.34659576416016
pool 0.9697914719581604 2.3182907104492188 211.54080200195312 38.381446838378906
pool 0.650898814201355 5.419224739074707 217.6688995361328 33.56462478637695
pool 0.23013705015182495 6.070221900939941 220.5875701904297 28.323986053466797
car 0.210593581199646 22.385290145874023 223.97117614746094 26.880769729614258
car 0.210593581199646 23.458112716674805 223.96701049804688 29.036170959472656
pool 0.17206916213035583 22.33618927001953 223.97091674804688 26.934553146362305
pool 0.17206916213035583 23.39719009399414 223.96669006347656 29.102909088134766
pool 0.13930749893188477 8.251764297485352 222.26609802246094 24.73969841003418
pool 0.06354402750730515 14.121338844299316 223.8883056640625 19.24969482421875
pool 0.059701304882764816 11.36530590057373 222.0543670654297 28.6798038482666
pool 0.05448479577898979 16.215579986572266 223.8867645263672 20.633472442626953
pool 0.05393148958683014 28.314998626708984 223.9139862060547 33.6915283203125
