pool 0.9963195323944092 73.50379180908203 0.10512176901102066 117.28947448730469
car 0.8701093792915344 0.10364509373903275 104.09058380126953 5.319854259490967
car 0.8564645051956177 0.1544976681470871 84.74591827392578 4.089972972869873
car 0.7648913860321045 0.0 104.44361114501953 2.254128932952881
car 0.6649306416511536 0.0 85.14125061035156 2.1002044677734375
car 0.5058632493019104 0.17482145130634308 104.06987762451172 1.2196110486984253
car 0.401304692029953 0.0 106.02196502685547 1.438899278640747
car 0.11826667189598083 0.20859108865261078 83.18106842041016 1.5208326578140259
car 0.11713211983442307 0.005220079328864813 83.70992279052734 0.9690234065055847
car 0.11178363114595413 0.0 109.14620208740234 1.3978906869888306
car 0.08269522339105606 0.0 101.70191955566406 0.644007682800293
car 0.07891986519098282 0.7287691235542297 104.15684509277344 1.5708624124526978
pool 0.06358147412538528 0.0 70.86459350585938 6.550569534301758
car 0.059046559035778046 0.9036523103713989 102.76026153564453 3.2600319385528564
car 0.05638763681054115 0.16322162747383118 88.3586196899414 1.309581995010376
car 0.05505361035466194 0.3812529146671295 107.18302154541016 1.8447191715240479
