car 0.998863935470581 47.16016387939453 152.09913635253906 58.33202362060547
car 0.9988032579421997 48.293270111083984 97.00200653076172 59.44880294799805
car 0.9986664056777954 145.45814514160156 208.8235321044922 156.62843322753906
car 0.9986608028411865 21.601964950561523 0.3644483983516693 32.596961975097656
car 0.9980310797691345 6.702365875244141 86.71520233154297 17.899721145629883
pool 0.9977912902832031 187.04293823242188 33.73854446411133 224.0
pool 0.9977709054946899 124.21701049804688 19.98830223083496 169.3992462158203
pool 0.9974212646484375 156.94210815429688 0.012028045952320099 203.08436584472656
car 0.4721350371837616 152.55667114257812 220.8853302001953 162.30096435546875
car 0.24065648019313812 153.99276733398438 221.5465850830078 161.72142028808594
car 0.11197621375322342 121.17066192626953 150.8934783935547 132.5813751220703
car 0.10157863795757294 33.20115280151367 0.5399071574211121 42.87996292114258
car 0.061855096369981766 33.76906204223633 1.1339657306671143 43.10804748535156
car 0.05392557755112648 32.71849060058594 0.09779796749353409 47.18824005126953
car 0.053519539535045624 155.3169403076172 221.71267700195312 164.35275268554688
car 0.051551174372434616 152.32266235351562 219.3841094970703 162.03790283203125
