pool 0.998191773891449 105.70671081542969 153.16705322265625 151.6595001220703
pool 0.9966448545455933 138.5418701171875 116.07354736328125 183.4263153076172
car 0.210593581199646 223.97561645507812 218.2393341064453 224.0
pool 0.17206916213035583 223.97535705566406 218.1968231201172 224.0
pool 0.15548162162303925 110.27747344970703 221.0063934326172 133.46380615234375
pool 0.14200660586357117 112.78313446044922 217.66116333007812 143.00083923339844
pool 0.08478257060050964 118.95349884033203 219.98570251464844 145.75384521484375
pool 0.0606096126139164 118.82872772216797 221.85345458984375 141.60585021972656
pool 0.058295946568250656 221.46771240234375 125.57052612304688 224.0
pool 0.05626598745584488 128.498779296875 223.89193725585938 133.8502655029297
pool 0.05515531077980995 217.5801544189453 127.80887603759766 223.92616271972656
