car 0.9990371465682983 137.33416748046875 102.5976333618164 148.54591369628906
car 0.998778760433197 194.51393127441406 61.440284729003906 205.65628051757812
car 0.998722493648529 202.9439697265625 72.99980926513672 214.12120056152344
car 0.9985443353652954 79.1040267944336 174.22000122070312 90.2496109008789
car 0.998422384262085 164.6906280517578 123.49261474609375 175.8022003173828
car 0.9984063506126404 59.651084899902344 195.4522247314453 70.6907730102539
car 0.9982505440711975 3.24495005607605 7.820765972137451 14.427755355834961
car 0.9982461929321289 26.816347122192383 139.85440063476562 37.94586944580078
car 0.9982397556304932 58.01772689819336 118.84569549560547 69.23709869384766
car 0.998228132724762 132.57785034179688 132.22142028808594 143.56930541992188
car 0.9981374740600586 21.717729568481445 0.0 32.75014877319336
car 0.9976595640182495 8.864645004272461 109.87821197509766 20.063196182250977
car 0.9973646998405457 39.67634582519531 88.81610107421875 50.738685607910156
car 0.9970098733901978 210.15252685546875 81.6674575805664 221.30662536621094
car 0.9969401359558105 4.6774983406066895 152.00869750976562 15.647527694702148
car 0.9968796968460083 45.93666458129883 125.26506805419922 57.00923156738281
car 0.9968551397323608 171.0543975830078 134.20977783203125 182.1174774169922
car 0.9965065121650696 72.1302490234375 72.1019287109375 83.26641845703125
car 0.9920310974121094 120.77351379394531 148.93040466308594 131.81407165527344
car 0.9773923754692078 153.72654724121094 0.1586516946554184 164.1924285888672
car 0.976936399936676 217.60951232910156 91.45779418945312 224.0
car 0.9513487815856934 158.6489715576172 111.63419342041016 170.1246337890625
car 0.9078332781791687 0.08243086189031601 15.78305721282959 3.2612292766571045
car 0.7230491638183594 154.16688537597656 0.11496758460998535 163.74400329589844
car 0.5712327361106873 0.0 15.947729110717773 0.8692145347595215
car 0.48527857661247253 155.1534423828125 0.0 163.89988708496094
car 0.45067480206489563 0.0 17.80478858947754 1.9371826648712158
car 0.3140815496444702 122.75836181640625 139.0709686279297 133.58741760253906
car 0.1578889638185501 147.3132781982422 0.06574903428554535 153.63172912597656
car 0.12263818830251694 146.85498046875 0.0 151.7625274658203
car 0.12022535502910614 147.27354431152344 0.17176511883735657 151.58297729492188
car 0.1146082654595375 147.4004364013672 0.0 151.74354553222656
car 0.0745658427476883 146.99586486816406 0.3280354142189026 152.25611877441406
car 0.07070086151361465 148.04315185546875 0.18558990955352783 152.6507110595703
car 0.06940390914678574 152.1757049560547 0.005499658640474081 159.7083740234375
pool 0.05536758527159691 155.30303955078125 221.27639770507812 175.45555114746094
car 0.053082145750522614 149.31765747070312 0.05641410872340202 155.23214721679688
