pool 0.9060865044593811 205.39410400390625 0.1504557877779007 223.6393585205078
pool 0.28957054018974304 199.4970245361328 0.1143273189663887 221.50160217285156
pool 0.2595531642436981 210.0026092529297 0.47021210193634033 223.98019409179688
pool 0.19567614793777466 214.95130920410156 0.1136709600687027 224.0
car 0.18819117546081543 125.8843002319336 217.15086364746094 137.6344451904297
pool 0.1725897639989853 221.09719848632812 0.0 223.74725341796875
car 0.14956402778625488 126.19142150878906 221.71859741210938 135.76708984375
pool 0.1171138808131218 219.80255126953125 0.0 223.3402099609375
pool 0.11263395100831985 206.81988525390625 0.0 223.6723175048828
pool 0.10826529562473297 217.79994201660156 0.0 224.0
pool 0.07769661396741867 218.9915771484375 0.08868400752544403 223.6520233154297
pool 0.07521253824234009 220.3055419921875 0.0 224.0
car 0.06428156048059464 128.90762329101562 222.28074645996094 137.33604431152344
pool 0.055597834289073944 200.88290405273438 0.0 221.34010314941406
