car 0.9981993436813354 4.981987476348877 193.35679626464844 16.100933074951172 204.5534210205078
car 0.9981635212898254 115.25497436523438 101.09903717041016 126.50286102294922 112.28570556640625
car 0.9980270266532898 178.94493103027344 202.89205932617188 190.13844299316406 214.08375549316406
car 0.9974080920219421 172.56640625 216.3636474609375 183.72061157226562 224.0
car 0.988892138004303 214.64332580566406 92.75023651123047 224.0 103.80880737304688
car 0.9746583104133606 194.63128662109375 64.4625473022461 205.60841369628906 75.61871337890625
car 0.9350744485855103 0.6159286499023438 217.1911163330078 11.88730525970459 223.7932586669922
car 0.3007240891456604 1.8454324007034302 220.68980407714844 11.872002601623535 224.0
car 0.16758078336715698 0.015430193394422531 218.4230499267578 2.2236251831054688 223.46383666992188
car 0.06788701564073563 205.1172637939453 156.86459350585938 215.93519592285156 167.86700439453125
car 0.05585026741027832 0.25736838579177856 217.74520874023438 4.0431294441223145 223.55886840820312
