pool 0.7948526740074158 218.32211303710938 144.9792938232422 223.6851043701172
pool 0.4806639552116394 221.31138610839844 153.01129150390625 223.6924591064453
pool 0.4730711281299591 214.45050048828125 140.99195861816406 223.23468017578125
pool 0.27579137682914734 221.12020874023438 143.17774963378906 223.56634521484375
pool 0.15289364755153656 219.4264373779297 155.03097534179688 223.90164184570312
car 0.10534915328025818 0.13801610469818115 15.107938766479492 0.363813191652298
car 0.09910334646701813 0.2810092270374298 15.071244239807129 0.7818524241447449
car 0.09906303137540817 0.004423465579748154 15.249204635620117 0.2663644552230835
car 0.09057330340147018 0.0021643436048179865 15.219330787658691 0.16785554587841034
car 0.06163385882973671 0.0010683739092200994 15.923304557800293 0.04454885795712471
car 0.061581216752529144 0.0 13.564493179321289 0.47855013608932495
car 0.057283248752355576 0.17978036403656006 15.990256309509277 0.6465190052986145
car 0.054695095866918564 0.001972487661987543 16.175535202026367 0.0818585529923439
car 0.052163220942020416 0.15845762193202972 7.984146595001221 0.5198385119438171
