pool 0.9980334639549255 82.73605346679688 5.541114807128906 127.21881103515625
car 0.9902915358543396 217.38751220703125 36.667972564697266 224.0
car 0.9898608922958374 184.5661163330078 147.51187133789062 195.5774688720703
car 0.7785283327102661 207.2091064453125 33.70547866821289 218.86895751953125
car 0.686296820640564 221.21383666992188 37.27566146850586 223.4202117919922
car 0.5932420492172241 221.5048828125 11.705653190612793 223.98635864257812
car 0.38315239548683167 217.62120056152344 0.19571983814239502 223.92376708984375
car 0.210593581199646 223.96441650390625 117.107666015625 224.0
car 0.210593581199646 223.99026489257812 116.0333480834961 224.0
pool 0.17206916213035583 223.96405029296875 117.0824203491211 224.0
pool 0.17206916213035583 223.9901580810547 116.00635528564453 224.0
car 0.15443089604377747 219.27491760253906 11.092207908630371 223.9546661376953
car 0.13720791041851044 219.8153076171875 36.574684143066406 222.96934509277344
car 0.11400003731250763 222.45245361328125 13.60705852508545 223.1042938232422
car 0.1108555868268013 222.02978515625 15.87546157836914 222.36764526367188
car 0.106979139149189 222.28982543945312 14.86002254486084 222.60365295410156
car 0.10382184386253357 222.43539428710938 14.720709800720215 222.98609924316406
pool 0.09316588938236237 0.04172325134277344 218.58982849121094 10.673372268676758
car 0.08717280626296997 222.5377197265625 14.021153450012207 222.8487548828125
car 0.07624068111181259 222.9208221435547 15.084242820739746 223.49365234375
pool 0.06964212656021118 151.65481567382812 0.0 169.2274169921875
car 0.0691058486700058 211.68309020996094 34.641754150390625 222.2309112548828
car 0.06809292733669281 222.37010192871094 16.695438385009766 222.64254760742188
car 0.06547101587057114 222.64559936523438 15.862197875976562 223.14401245117188
pool 0.05732322856783867 149.0768585205078 0.0 173.66798400878906
car 0.05710728466510773 222.88864135742188 16.10686492919922 223.2410430908203
car 0.05294762924313545 223.10365295410156 14.276758193969727 223.7638702392578
