car 0.8498037457466125 31.55063819885254 217.0473175048828 42.56797409057617 223.79029846191406
car 0.5935176610946655 70.86859893798828 0.2548472285270691 81.92069244384766 4.218291282653809
car 0.5717164278030396 72.43677520751953 0.0 82.60244750976562 2.2979896068573
car 0.3212951719760895 70.04409790039062 0.012709503062069416 79.19763946533203 1.5810048580169678
car 0.11815836280584335 74.50056457519531 0.2252010852098465 84.64641571044922 1.6173336505889893
car 0.11717583239078522 29.764883041381836 220.1446990966797 40.934837341308594 223.93765258789062
car 0.11663870513439178 33.64495849609375 214.2432403564453 45.45381164550781 223.93017578125
car 0.1000756025314331 73.42908477783203 0.3106520175933838 80.82628631591797 0.8272600769996643
car 0.08652784675359726 73.20697021484375 0.00758799072355032 79.75881958007812 0.25208646059036255
car 0.08290357887744904 71.89141845703125 0.012603660114109516 78.23556518554688 0.3792646527290344
car 0.08215445280075073 72.60795593261719 0.19343359768390656 79.02043914794922 1.1738148927688599
car 0.08186167478561401 73.91607666015625 0.0030814623460173607 80.52297973632812 0.1312200129032135
car 0.07107234001159668 73.19212341308594 0.022607693448662758 79.59174346923828 0.7609987258911133
car 0.06369775533676147 75.6105728149414 0.019635463133454323 81.94119262695312 0.5261558890342712
