car 0.9986981153488159 52.87590026855469 201.20199584960938 63.957313537597656 212.37318420410156
car 0.9985353946685791 178.1686553955078 213.16798400878906 189.33212280273438 223.88511657714844
car 0.9980493783950806 211.68992614746094 142.98526000976562 222.71096801757812 153.98626708984375
pool 0.998045802116394 5.4550461769104 57.12667465209961 50.144386291503906 101.42121124267578
car 0.9930742979049683 48.43014907836914 213.20880126953125 59.50171661376953 223.86073303222656
car 0.5867310166358948 218.04580688476562 0.027314109727740288 223.75833129882812 4.3707685470581055
car 0.2127510905265808 220.68807983398438 0.017236409708857536 223.74595642089844 0.7080103158950806
car 0.2068144530057907 221.43612670898438 0.029893741011619568 223.9178466796875 1.248974084854126
car 0.1448305994272232 219.22308349609375 0.15616238117218018 222.82887268066406 0.8712297677993774
car 0.1418900042772293 218.47647094726562 0.360790491104126 223.23248291015625 2.0035903453826904
car 0.12140800058841705 220.1785125732422 0.21537695825099945 223.9013214111328 2.3121891021728516
car 0.10323061048984528 222.3388214111328 0.1648360788822174 223.97280883789062 1.941258430480957
car 0.10067974030971527 218.98965454101562 0.302293598651886 222.86587524414062 1.3542834520339966
car 0.0805463045835495 217.00050354003906 0.29900792241096497 224.0 6.724234104156494
car 0.07700467109680176 213.95689392089844 0.0 223.4671173095703 3.371460437774658
