car 0.9988448619842529 191.13009643554688 192.97625732421875 202.25241088867188 204.025634765625
car 0.9981752634048462 206.24781799316406 170.5564727783203 217.30474853515625 181.58091735839844
car 0.997784435749054 67.70492553710938 90.52772521972656 78.80809783935547 101.52590942382812
car 0.9976454377174377 194.8408203125 110.0108642578125 205.99183654785156 121.07841491699219
car 0.9966860413551331 211.7420196533203 86.08805084228516 222.85496520996094 97.02572631835938
car 0.9966739416122437 130.6297607421875 66.96730041503906 141.8271484375 78.21395111083984
car 0.993213415145874 55.32536697387695 139.79466247558594 66.43297576904297 150.9464111328125
car 0.9872603416442871 70.90855407714844 209.58685302734375 82.29778289794922 220.74880981445312
car 0.6437591314315796 0.1413470208644867 203.14389038085938 3.8485660552978516 212.70391845703125
car 0.274238258600235 0.09271513670682907 202.9053955078125 1.7096962928771973 210.97422790527344
car 0.15670031309127808 0.01587272621691227 205.1396484375 1.9085859060287476 214.01901245117188
car 0.12325400114059448 51.93898010253906 216.041015625 63.201988220214844 224.0
car 0.06047310307621956 0.44187626242637634 205.03793334960938 1.5837812423706055 212.17349243164062
