pool 0.9985883831977844 131.05035400390625 109.73503112792969 174.9000244140625 153.55084228515625
pool 0.9985516667366028 144.20327758789062 163.52284240722656 188.81597900390625 207.13441467285156
pool 0.997240424156189 87.87322235107422 137.55760192871094 132.3723602294922 180.94168090820312
car 0.9736277461051941 19.91596221923828 95.46855163574219 30.782426834106445 106.61504364013672
car 0.7022261619567871 0.0 54.30760192871094 2.751039743423462 64.79833221435547
car 0.4076750874519348 0.015445013530552387 54.095062255859375 1.5600802898406982 61.91972732543945
car 0.2529483437538147 0.22568735480308533 54.62344741821289 0.7839468717575073 60.63761901855469
car 0.23846884071826935 0.0 52.31129837036133 2.456068515777588 60.089332580566406
car 0.2216595709323883 4.565648555755615 73.40335083007812 15.493659019470215 84.83248901367188
car 0.15992897748947144 0.005168609786778688 54.410701751708984 0.5362809300422668 59.29779815673828
car 0.15843519568443298 0.0 55.034912109375 0.25909534096717834 60.31551742553711
car 0.15128552913665771 0.0 53.75456237792969 0.3008018434047699 58.55989074707031
car 0.14477574825286865 0.0 54.544185638427734 0.10029841214418411 59.15221405029297
car 0.14284303784370422 0.0 53.800933837890625 0.07142234593629837 58.09933090209961
car 0.1251949667930603 0.2958162724971771 55.62617111206055 1.3748645782470703 60.7707633972168
car 0.11254016309976578 0.4532262086868286 53.87329864501953 1.6621654033660889 59.83513259887695
car 0.10368489474058151 0.06152166798710823 52.64460754394531 1.043703317642212 58.39226150512695
car 0.08315881341695786 0.0 51.401371002197266 4.5528411865234375 65.65406036376953
car 0.07275014370679855 0.0 52.64482498168945 0.2833641767501831 56.656768798828125
car 0.07054828852415085 0.21388167142868042 56.33092498779297 1.0226998329162598 63.2951545715332
car 0.06934811174869537 0.0 52.71268844604492 0.04083538427948952 56.32147979736328
car 0.06243032217025757 0.3391920030117035 56.79263687133789 1.8652877807617188 64.87445068359375
