pool 0.7817667126655579 212.78407287597656 153.9375 223.69293212890625 196.840087890625
pool 0.762291669845581 218.31639099121094 158.49295043945312 223.73760986328125 192.83837890625
car 0.6009971499443054 214.10719299316406 219.44908142089844 223.87225341796875 223.96978759765625
pool 0.222045436501503 220.46707153320312 164.47042846679688 224.0 191.85003662109375
pool 0.1359328031539917 220.7793731689453 174.30995178222656 223.82461547851562 197.45616149902344
car 0.11850033700466156 220.1749725341797 218.47984313964844 224.0 224.0
car 0.10341166704893112 221.67169189453125 221.77310180664062 223.21087646484375 223.18374633789062
car 0.09773341566324234 221.60397338867188 222.3577423095703 223.37779235839844 223.5680389404297
pool 0.08609718829393387 215.55911254882812 169.7869873046875 223.87355041503906 199.5767364501953
pool 0.07300668209791183 0.17006930708885193 115.80049896240234 8.899489402770996 152.07725524902344
pool 0.06282573193311691 220.92098999023438 156.79788208007812 223.8608856201172 183.66513061523438
car 0.05673599988222122 220.86154174804688 221.9560089111328 223.38693237304688 223.4039306640625
pool 0.056044042110443115 207.9688262939453 142.09384155273438 223.49208068847656 201.66685485839844
car 0.05382069945335388 221.38876342773438 222.83912658691406 223.31707763671875 224.0
car 0.050242722034454346 211.52310180664062 222.1008758544922 220.40318298339844 223.7574005126953
