pool 0.9984456896781921 173.7344512939453 1.428189754486084 218.4287567138672
pool 0.9981837868690491 134.91075134277344 142.75250244140625 179.77236938476562
car 0.9974632263183594 15.318207740783691 145.39431762695312 26.514320373535156
pool 0.9947383999824524 200.94171142578125 80.06793212890625 223.664306640625
pool 0.2534012496471405 212.5210418701172 80.17030334472656 224.0
pool 0.14614231884479523 156.85855102539062 0.0 179.0954132080078
pool 0.1190270334482193 160.11988830566406 0.0 180.6675262451172
pool 0.06223905831575394 167.0959014892578 0.01677101105451584 182.77117919921875
pool 0.05277468264102936 155.1403045654297 0.05447547882795334 185.8095703125
pool 0.051323652267456055 164.92323303222656 0.020781317725777626 172.3789520263672
