pool 0.9988502264022827 83.9639892578125 101.5108871459961 128.54428100585938 145.83399963378906
pool 0.9986405968666077 35.44781494140625 139.83676147460938 80.09464263916016 183.73045349121094
pool 0.8797299861907959 56.12260818481445 0.20233680307865143 90.77888488769531 7.8934173583984375
car 0.4748532474040985 219.34548950195312 179.08151245117188 223.8279266357422 189.89620971679688
pool 0.3852401375770569 58.972412109375 0.0 84.9378662109375 3.7783632278442383
pool 0.2063538134098053 0.035970382392406464 22.59839630126953 9.190616607666016 65.387451171875
car 0.1709396094083786 221.41419982910156 181.4049530029297 223.04676818847656 190.13775634765625
pool 0.15136851370334625 66.25048065185547 0.2863875925540924 96.53660583496094 6.160645008087158
car 0.112677201628685 220.90895080566406 177.8631134033203 223.96713256835938 187.49632263183594
car 0.10220352560281754 221.84153747558594 180.30604553222656 223.420166015625 189.1500701904297
pool 0.10056616365909576 0.0 20.27874183654785 5.581637859344482 48.5680046081543
pool 0.09978701919317245 69.14437103271484 0.0 95.05298614501953 2.7232704162597656
pool 0.09540820866823196 52.86952590942383 0.17290088534355164 78.31779479980469 5.1093316078186035
pool 0.07397706806659698 55.79020690917969 0.19735191762447357 75.02086639404297 9.094136238098145
pool 0.052573807537555695 0.0 30.613370895385742 2.0607619285583496 50.3853874206543
pool 0.0525239072740078 58.25472640991211 0.12693507969379425 70.97883605957031 6.704292297363281
pool 0.051346879452466965 78.55167388916016 0.0778081864118576 97.67327880859375 3.9604361057281494
