car 0.9499730467796326 219.30653381347656 122.477294921875 223.81552124023438 133.37225341796875
car 0.9194396734237671 221.82113647460938 123.5313949584961 222.73020935058594 133.00892639160156
car 0.8838876485824585 221.45022583007812 123.60908508300781 223.64541625976562 132.752685546875
car 0.6616507172584534 222.2771453857422 122.9888916015625 224.0 131.52243041992188
car 0.5692515969276428 222.54754638671875 125.19256591796875 223.41432189941406 133.0137481689453
car 0.47040319442749023 221.32943725585938 122.57434844970703 223.0305938720703 130.4752960205078
car 0.2450801581144333 221.9002227783203 125.96135711669922 222.4109649658203 133.46800231933594
car 0.22370855510234833 222.1092529296875 122.9568099975586 223.2320556640625 127.89468383789062
car 0.2205943912267685 223.27833557128906 125.04121398925781 223.82852172851562 132.90982055664062
car 0.210593581199646 223.9889373779297 119.4001693725586 224.0 122.79685974121094
car 0.210593581199646 223.99107360839844 98.45217895507812 224.0 101.27340698242188
car 0.210593581199646 223.991455078125 116.72589874267578 224.0 120.0940170288086
car 0.210593581199646 223.9696044921875 72.68635559082031 224.0 74.65018463134766
car 0.210593581199646 223.96978759765625 119.04803466796875 224.0 122.77033996582031
pool 0.17206916213035583 223.99134826660156 116.6939926147461 224.0 120.12779998779297
pool 0.17206916213035583 223.96946716308594 119.01276397705078 224.0 122.80767059326172
pool 0.17206916213035583 223.98880004882812 119.36799621582031 224.0 122.83092498779297
pool 0.17206916213035583 223.99098205566406 98.42546081542969 224.0 101.30169677734375
pool 0.17206916213035583 223.96926879882812 72.6677474975586 224.0 74.66987609863281
car 0.14866885542869568 220.46014404296875 125.67059326171875 224.0 135.0255584716797
car 0.11787976324558258 222.95945739746094 122.85345458984375 223.9387664794922 129.2252960205078
car 0.10641840100288391 222.70713806152344 127.39647674560547 224.0 134.94134521484375
car 0.06865067034959793 221.09030151367188 120.63607788085938 224.0 128.84915161132812
car 0.05999312922358513 223.8877410888672 123.1056137084961 223.99334716796875 126.29240417480469
car 0.05871254950761795 222.36459350585938 123.20892333984375 222.87359619140625 127.4283676147461
car 0.05672020465135574 222.02430725097656 122.47537231445312 222.99191284179688 125.91722106933594
car 0.0545821487903595 223.45883178710938 123.7013168334961 223.93072509765625 129.66615295410156
car 0.054555054754018784 222.48072814941406 123.20122528076172 223.68795776367188 128.2986602783203
car 0.05261096730828285 218.32276916503906 116.09779357910156 223.96685791015625 134.26455688476562
car 0.0525595024228096 220.95106506347656 123.33150482177734 222.7960968017578 133.3026580810547
car 0.05175093561410904 223.3541717529297 122.0060806274414 223.99070739746094 128.20114135742188
