car 0.9985881447792053 35.90342330932617 83.75762176513672 47.003662109375 95.0212631225586
car 0.9979487061500549 34.77766418457031 118.45333862304688 45.975914001464844 129.45693969726562
car 0.9906946420669556 20.325326919555664 94.006591796875 31.604175567626953 105.08877563476562
car 0.3072715699672699 221.244140625 132.5935821533203 223.98251342773438 141.22265625
car 0.210593581199646 223.98065185546875 139.5793914794922 224.0 143.2774200439453
car 0.210593581199646 223.97706604003906 135.07286071777344 224.0 138.1774444580078
pool 0.17206916213035583 223.98045349121094 139.54437255859375 224.0 143.3144989013672
pool 0.17206916213035583 223.976806640625 135.04345703125 224.0 138.20858764648438
car 0.14287754893302917 221.7372589111328 136.13412475585938 222.12710571289062 140.75852966308594
car 0.12595906853675842 221.91151428222656 135.73265075683594 222.21148681640625 139.99644470214844
car 0.10993704944849014 222.6268768310547 136.00323486328125 223.5479278564453 141.68019104003906
car 0.06193828955292702 219.57965087890625 127.09773254394531 223.9237823486328 143.71534729003906
car 0.061485838145017624 222.1405792236328 124.79362487792969 222.2195587158203 127.28672790527344
car 0.05990007892251015 221.60743713378906 135.24429321289062 222.09805297851562 139.7040557861328
car 0.055936675518751144 222.95169067382812 136.7222900390625 223.81671142578125 142.15846252441406
car 0.053429048508405685 221.9422607421875 125.83789825439453 222.025634765625 128.28375244140625
car 0.052290547639131546 222.77439880371094 134.3824920654297 223.73379516601562 140.32371520996094
