car 0.9989808201789856 199.2071533203125 98.73320007324219 210.30044555664062 109.77140808105469
car 0.9989210367202759 184.3918914794922 47.322147369384766 195.60183715820312 58.43765640258789
car 0.9985985159873962 154.3610076904297 30.96377944946289 165.49374389648438 42.05472946166992
car 0.9980251789093018 173.5550079345703 23.410261154174805 184.5381317138672 34.50701904296875
car 0.8687825202941895 0.10100965201854706 182.0449676513672 3.1973206996917725 191.62567138671875
car 0.6730903387069702 0.22706326842308044 183.0594482421875 1.526474118232727 190.68138122558594
car 0.35262709856033325 0.0 184.13047790527344 2.2024216651916504 192.76046752929688
car 0.29784324765205383 0.0 184.2352294921875 1.004098653793335 191.24729919433594
car 0.210593581199646 223.98117065429688 110.74083709716797 224.0 114.87403106689453
car 0.210593581199646 223.99485778808594 110.78614807128906 224.0 115.15968322753906
pool 0.17206916213035583 223.99481201171875 110.7447280883789 224.0 115.20355224609375
pool 0.17206916213035583 223.98098754882812 110.7016830444336 224.0 114.91549682617188
car 0.10490720719099045 0.0 182.95700073242188 3.832456111907959 197.14215087890625
car 0.09291261434555054 0.0 184.5704803466797 0.4884701371192932 190.27975463867188
car 0.0788949653506279 0.4878469705581665 184.58934020996094 1.2356412410736084 190.7149200439453
car 0.07684160023927689 221.7659454345703 104.78229522705078 223.98533630371094 115.13227844238281
car 0.07152416557073593 0.4148578643798828 183.37559509277344 0.9996068477630615 188.12742614746094
car 0.0606255941092968 0.0 135.05828857421875 2.829679250717163 145.25076293945312
car 0.059327587485313416 0.29538390040397644 185.28111267089844 0.9270244240760803 190.71742248535156
