car 0.99905925989151 134.5549774169922 82.13959503173828 145.66441345214844 93.33485412597656
car 0.9988086223602295 146.14796447753906 12.325410842895508 157.40589904785156 23.462688446044922
car 0.992551326751709 19.285947799682617 95.25145721435547 30.394115447998047 106.29737854003906
pool 0.9732262492179871 132.92332458496094 196.13232421875 181.6317138671875 223.5267333984375
pool 0.7735559940338135 119.56649780273438 211.7163543701172 167.83580017089844 224.0
pool 0.5685445666313171 124.23271179199219 216.4678955078125 161.2737579345703 224.0
pool 0.29514822363853455 191.484375 47.162410736083984 223.14292907714844 89.10801696777344
pool 0.22454704344272614 121.61937713623047 219.53387451171875 152.499267578125 224.0
pool 0.18241189420223236 130.4766845703125 221.4476776123047 154.42608642578125 224.0
pool 0.1377224326133728 136.68296813964844 219.2313232421875 161.98426818847656 223.53659057617188
pool 0.0932542011141777 136.4691619873047 217.86114501953125 152.53292846679688 224.0
pool 0.08970122784376144 118.61115264892578 220.8037109375 142.6154022216797 223.8849639892578
pool 0.08542054146528244 113.80974578857422 215.8031768798828 149.3211212158203 224.0
car 0.0770227462053299 220.82215881347656 96.87330627441406 224.0 107.36566925048828
pool 0.07439354807138443 141.2905731201172 222.9851531982422 146.8260955810547 223.25596618652344
