car 0.9981993436813354 79.5097427368164 179.52186584472656 90.58531188964844 190.6148223876953
car 0.9972555041313171 72.74235534667969 169.13021850585938 83.66637420654297 180.12261962890625
car 0.9377466440200806 0.061021022498607635 178.9643096923828 3.317525863647461 188.4169464111328
car 0.8496874570846558 0.12761659920215607 179.95484924316406 1.6143138408660889 187.57530212402344
car 0.48696133494377136 0.002342710504308343 181.0723114013672 1.0558112859725952 188.25144958496094
car 0.36979931592941284 0.293128103017807 180.3750762939453 0.9761685132980347 186.389892578125
car 0.3139922618865967 0.17291410267353058 182.0264892578125 0.845798909664154 187.5386199951172
car 0.28252121806144714 0.04737264662981033 180.48410034179688 0.47797906398773193 186.10935974121094
car 0.26822584867477417 0.0014705965295433998 180.6183319091797 0.05196715146303177 186.16368103027344
car 0.2266511768102646 0.11137229204177856 182.4918670654297 0.4901118874549866 187.14990234375
car 0.21494941413402557 0.18466687202453613 179.53640747070312 1.184685468673706 184.9568634033203
car 0.210593581199646 223.97671508789062 216.57032775878906 224.0 219.9010772705078
car 0.1988702267408371 0.00038936137570999563 181.8723602294922 0.2560102045536041 187.05455017089844
car 0.1745695322751999 0.0017149507766589522 180.17466735839844 0.10395922511816025 185.53445434570312
pool 0.17206916213035583 223.97647094726562 216.53878784179688 224.0 219.93446350097656
car 0.16971325874328613 0.16547901928424835 180.07330322265625 0.7599849700927734 184.4190216064453
car 0.16622138023376465 0.45503002405166626 181.9199981689453 1.0460505485534668 187.07960510253906
car 0.16132068634033203 0.0006852543447166681 179.84243774414062 0.18401695787906647 184.282958984375
car 0.1564013659954071 0.0032161951530724764 180.08534240722656 0.3221541941165924 185.2095184326172
car 0.15523284673690796 0.19129678606987 183.41635131835938 0.5821357369422913 188.05252075195312
car 0.1498369574546814 0.212096706032753 179.7781524658203 0.5635296106338501 183.2578125
pool 0.13995777070522308 209.33070373535156 216.81336975097656 223.9526824951172 224.0
car 0.1265476942062378 0.0032942926045507193 179.23367309570312 0.25636667013168335 182.75418090820312
car 0.12036387622356415 0.0017870360752567649 179.09727478027344 0.12147554755210876 182.72227478027344
car 0.11875143647193909 0.3945334851741791 183.17079162597656 0.8692250847816467 188.01292419433594
car 0.11302978545427322 0.0 178.5936737060547 4.664673805236816 193.05441284179688
car 0.10132383555173874 0.3514905571937561 179.3141632080078 0.6670652627944946 182.00123596191406
car 0.08958609402179718 0.7369857430458069 180.17648315429688 1.5336042642593384 186.66632080078125
car 0.06524363905191422 0.0 183.83827209472656 0.35130617022514343 189.00076293945312
car 0.05568168684840202 0.019088488072156906 177.88009643554688 0.9307388663291931 183.01512145996094
car 0.05513734370470047 0.722281277179718 182.18812561035156 1.3923760652542114 188.17835998535156
