car 0.9987494945526123 199.62730407714844 101.99476623535156 210.74383544921875
pool 0.9781041145324707 212.46873474121094 193.29946899414062 224.0
pool 0.8459624648094177 217.4876251220703 197.1200714111328 224.0
car 0.5019398927688599 178.78321838378906 146.30841064453125 189.97508239746094
car 0.210593581199646 223.98788452148438 92.17826080322266 224.0
pool 0.17265324294567108 219.56997680664062 204.3757781982422 224.0
pool 0.17206916213035583 223.9877471923828 92.14229583740234 224.0
pool 0.15258441865444183 216.78765869140625 188.80203247070312 224.0
pool 0.12874668836593628 220.25103759765625 189.6236114501953 224.0
pool 0.06221350282430649 206.05897521972656 186.57223510742188 223.9540252685547
pool 0.053027939051389694 218.67108154296875 191.38009643554688 223.79513549804688
