car 0.9988301396369934 27.43022918701172 186.84011840820312 38.54827117919922 197.97691345214844
car 0.9987831711769104 209.2104949951172 171.47579956054688 220.27175903320312 182.5524139404297
car 0.998755931854248 168.24411010742188 62.404029846191406 179.4187774658203 73.50932312011719
car 0.9986924529075623 17.011354446411133 168.30348205566406 28.122234344482422 179.42808532714844
car 0.9986798167228699 72.38645935058594 83.04334259033203 83.59204864501953 94.12303161621094
car 0.9986664056777954 150.3643035888672 31.398090362548828 161.4843292236328 42.49378204345703
car 0.9986383318901062 197.11398315429688 59.284847259521484 208.1931915283203 70.33721160888672
car 0.9985883831977844 157.9684295654297 40.525123596191406 168.95504760742188 51.76484298706055
car 0.9984087347984314 186.81874084472656 37.465362548828125 197.87791442871094 48.565242767333984
car 0.9983351826667786 172.0712127685547 16.98881721496582 183.1533966064453 28.205270767211914
car 0.9982457160949707 192.9475860595703 48.21961975097656 203.9933319091797 59.504905700683594
car 0.9981600642204285 177.9337921142578 27.489351272583008 189.02479553222656 38.65422058105469
car 0.998068630695343 44.00429153442383 42.69109344482422 55.0822639465332 53.798301696777344
car 0.9979840517044067 41.94566345214844 146.6596221923828 52.929107666015625 157.70260620117188
car 0.9978774785995483 53.83075714111328 51.007720947265625 64.88640594482422 62.09113311767578
car 0.997836172580719 26.804170608520508 127.95840454101562 37.93889617919922 139.03778076171875
car 0.9977121353149414 68.13972473144531 26.887165069580078 79.22554779052734 37.957820892333984
car 0.9974521994590759 209.15245056152344 129.37828063964844 220.32411193847656 140.44448852539062
car 0.9971996545791626 128.49093627929688 0.0006184387020766735 139.8119659423828 10.466760635375977
car 0.9971045851707458 103.29682159423828 77.07910919189453 114.40206909179688 88.1909408569336
car 0.9965527057647705 109.74971008300781 194.6358184814453 120.9959945678711 205.76927185058594
car 0.9960373640060425 74.81365203857422 37.017154693603516 86.00396728515625 48.18042755126953
car 0.9937788844108582 172.92140197753906 154.09658813476562 184.14767456054688 165.32598876953125
car 0.9908926486968994 52.5935173034668 168.40541076660156 63.74242401123047 179.64361572265625
car 0.990315854549408 165.34991455078125 5.641757488250732 176.3607940673828 16.558189392089844
car 0.980240523815155 109.21157836914062 132.0570068359375 120.3320083618164 143.18569946289062
car 0.3903754651546478 159.57188415527344 0.337396502494812 170.4375762939453 6.74411678314209
car 0.3589786887168884 0.1586410105228424 0.08371914178133011 8.354687690734863 6.518370628356934
car 0.12784332036972046 160.49166870117188 0.19708728790283203 171.1031951904297 3.9469799995422363
car 0.10448090732097626 48.374290466308594 195.8833770751953 59.22089767456055 206.9854278564453
