car 0.9985766410827637 166.17306518554688 82.4915542602539 177.35498046875 93.59304809570312
car 0.9873392581939697 162.9132537841797 0.0 174.3630828857422 6.0414252281188965
car 0.9838632345199585 218.50148010253906 112.53888702392578 224.0 123.21503448486328
car 0.6216016411781311 221.23167419433594 113.30073547363281 224.0 123.2063980102539
car 0.4847237765789032 222.2310791015625 112.27467346191406 223.85687255859375 121.55094146728516
car 0.32925909757614136 4.961724281311035 221.41851806640625 14.691075325012207 224.0
car 0.3106483817100525 223.03939819335938 114.75064849853516 223.9025421142578 123.1633071899414
car 0.233412966132164 5.224294662475586 218.81031799316406 15.744101524353027 224.0
car 0.210593581199646 223.96871948242188 116.04773712158203 224.0 138.188720703125
car 0.210593581199646 223.99403381347656 222.28094482421875 224.0 223.8445281982422
pool 0.17206916213035583 223.9939727783203 222.26612854003906 224.0 223.86019897460938
pool 0.17206916213035583 223.9683837890625 115.8380355834961 224.0 138.41079711914062
car 0.16230063140392303 0.0 47.32068634033203 2.3427202701568604 56.66747283935547
car 0.1516096144914627 7.2208943367004395 221.6884307861328 17.11909294128418 223.4985809326172
car 0.15135495364665985 222.34373474121094 116.27942657470703 223.93959045410156 124.04932403564453
car 0.14795050024986267 221.4848175048828 112.74957275390625 222.85690307617188 122.72884368896484
car 0.06997460126876831 0.12830327451229095 47.51963806152344 1.450851321220398 55.309234619140625
car 0.057870566844940186 222.598876953125 118.21231079101562 223.1121826171875 124.671142578125
