pool 0.9877007007598877 0.0 90.05145263671875 12.736956596374512
pool 0.7693821787834167 0.0 92.55729675292969 6.42021369934082
car 0.33613157272338867 48.47483825683594 0.0 56.05387496948242
car 0.21845103800296783 51.218772888183594 0.12585461139678955 57.71919631958008
car 0.2027493715286255 53.3517951965332 0.002583553781732917 57.506866455078125
car 0.19845861196517944 50.192806243896484 0.0 55.29615783691406
pool 0.19824238121509552 0.0 98.34961700439453 3.701686382293701
car 0.18895584344863892 53.79936218261719 0.004596516955643892 57.84388732910156
car 0.18887820839881897 51.100040435791016 0.0 56.152957916259766
car 0.18420806527137756 52.55246353149414 0.12362419068813324 58.12930679321289
car 0.16844622790813446 49.05339813232422 0.0 54.20036315917969
car 0.16539911925792694 53.99832534790039 0.000334403506712988 58.13954544067383
car 0.16424618661403656 49.28701400756836 0.0 54.26837921142578
car 0.16240151226520538 48.47296142578125 0.0 57.160133361816406
car 0.1287865787744522 50.997337341308594 0.2237989455461502 55.88969039916992
car 0.12368696928024292 48.68497848510742 0.0 53.27223587036133
car 0.09583240747451782 48.97955322265625 0.18090040981769562 53.9426155090332
car 0.09564386308193207 50.35261535644531 0.0 58.15655517578125
car 0.09428631514310837 44.92449951171875 0.0605216808617115 52.99272537231445
pool 0.07392212003469467 0.0 87.55297088623047 2.9709692001342773
pool 0.07184000313282013 0.0 105.57024383544922 1.3983572721481323
car 0.06876439601182938 54.99013900756836 9.470761142438278e-05 58.75170135498047
car 0.06857741624116898 47.07256317138672 0.0 52.45856475830078
car 0.06824667006731033 45.89164352416992 0.0 55.181922912597656
car 0.057436034083366394 45.86016082763672 0.0 51.534576416015625
car 0.053094666451215744 45.9135856628418 0.0 51.26599884033203
car 0.05141640827059746 54.41245651245117 0.22080154716968536 59.25945281982422
