car 0.9978517293930054 34.67045211791992 6.383574485778809 45.84943771362305
car 0.9978277087211609 41.16055679321289 190.0772705078125 52.31542205810547
car 0.9966503977775574 140.7071075439453 210.32481384277344 152.0135040283203
car 0.45697253942489624 220.90872192382812 22.404911041259766 223.9619598388672
car 0.210593581199646 223.9964141845703 7.0787858963012695 224.0
car 0.210593581199646 223.98822021484375 8.380537033081055 224.0
car 0.210593581199646 223.9892120361328 24.19687271118164 224.0
car 0.1740449070930481 221.70904541015625 24.055631637573242 222.14671325683594
pool 0.17206916213035583 223.99636840820312 7.052952766418457 224.0
pool 0.17206916213035583 223.98910522460938 24.164573669433594 224.0
pool 0.17206916213035583 223.9880828857422 8.353666305541992 224.0
car 0.16267526149749756 221.89059448242188 23.7280216217041 222.21400451660156
car 0.15089400112628937 222.49533081054688 23.531787872314453 223.57298278808594
car 0.08449530601501465 221.3863525390625 18.81230926513672 223.96739196777344
car 0.07993849366903305 222.82615661621094 22.33614158630371 223.80783081054688
car 0.05485067889094353 222.2096405029297 12.721124649047852 222.30055236816406
car 0.05140387639403343 219.42579650878906 14.186396598815918 223.71746826171875
car 0.051388248801231384 221.90908813476562 22.90072250366211 222.11973571777344
