car 0.9980810880661011 209.8959197998047 173.05604553222656 221.0598602294922
car 0.9968642592430115 68.69283294677734 99.55619812011719 79.69031524658203
car 0.9944649338722229 216.18267822265625 186.9874725341797 224.0
car 0.7008379101753235 161.38182067871094 106.8700942993164 172.5505828857422
car 0.5495905876159668 221.75665283203125 186.7958526611328 223.52853393554688
car 0.40942469239234924 220.0127410888672 186.42672729492188 224.0
car 0.3043508231639862 222.57791137695312 186.13185119628906 223.70777893066406
car 0.210593581199646 223.98863220214844 199.1754608154297 224.0
pool 0.17723798751831055 0.0 217.32017517089844 4.092773914337158
pool 0.17206916213035583 223.98851013183594 199.12246704101562 224.0
car 0.16023972630500793 223.1634521484375 184.80638122558594 223.89089965820312
pool 0.057134516537189484 0.27712783217430115 217.20819091796875 12.990614891052246
