car 0.9987150430679321 173.70404052734375 126.48676300048828 184.57000732421875
car 0.9986805319786072 61.7492790222168 194.65371704101562 72.81562042236328
car 0.998551070690155 47.248779296875 204.64540100097656 58.36692810058594
car 0.9982926249504089 117.35347747802734 161.2477569580078 128.42469787597656
car 0.9982447624206543 160.70062255859375 175.16648864746094 171.74961853027344
car 0.998218834400177 23.966705322265625 140.33299255371094 35.10364532470703
car 0.9981029033660889 146.21446228027344 139.81951904296875 157.39935302734375
car 0.9978995323181152 12.764765739440918 148.2903289794922 23.88766860961914
car 0.9978718757629395 90.4786376953125 178.08868408203125 101.5378189086914
car 0.9978238344192505 195.8908233642578 151.31944274902344 206.9599609375
car 0.9977026581764221 137.62649536132812 190.6086883544922 148.65234375
car 0.99659663438797 215.80345153808594 94.85082244873047 224.0
car 0.995430588722229 75.32781219482422 187.63499450683594 86.3356704711914
car 0.9931312203407288 102.99227142333984 213.98532104492188 114.19866180419922
car 0.9928777813911438 102.68212127685547 171.20620727539062 113.93964385986328
car 0.9725549221038818 161.23883056640625 133.64340209960938 172.1339874267578
car 0.9693937301635742 203.5860137939453 104.05029296875 214.9686279296875
car 0.9522775411605835 187.92672729492188 117.64977264404297 199.5634307861328
car 0.636814296245575 131.4031524658203 152.30984497070312 142.53543090820312
