car 0.9989538192749023 150.87326049804688 172.15115356445312 161.74349975585938 183.3165740966797
car 0.9986467957496643 159.21400451660156 162.0900421142578 170.3448028564453 173.1921844482422
pool 0.9899842739105225 66.1063232421875 0.3165743947029114 110.51716613769531 22.07954978942871
pool 0.9239848256111145 107.91920471191406 0.06000671535730362 145.4243927001953 9.016532897949219
pool 0.47477683424949646 61.532623291015625 0.0 104.56307220458984 12.437214851379395
pool 0.3196972608566284 103.74220275878906 0.6619857549667358 148.3388214111328 17.29850196838379
pool 0.1779281198978424 0.10064529627561569 1.8126417398452759 7.285510063171387 31.973543167114258
pool 0.1445544958114624 116.30479431152344 0.0 151.2086944580078 6.268205642700195
pool 0.09864430129528046 0.0039002227131277323 0.5416294932365417 14.352975845336914 30.3222713470459
pool 0.06881581246852875 0.0 5.7973504066467285 3.461884021759033 30.179946899414062
pool 0.05888001620769501 106.1999740600586 0.09451204538345337 139.16383361816406 4.344078063964844
