car 0.9983591437339783 144.23304748535156 141.6642303466797 155.3596954345703 152.71226501464844
car 0.9977661371231079 171.83348083496094 88.61604309082031 182.80419921875 99.69474029541016
car 0.8894259929656982 31.837249755859375 37.68972396850586 43.27745056152344 48.851688385009766
car 0.12784361839294434 136.7740478515625 0.0 151.09910583496094 2.9136335849761963
car 0.09520317614078522 140.64910888671875 0.08833486586809158 147.03073120117188 0.8445150852203369
car 0.07238170504570007 141.3662567138672 0.004188271705061197 145.6710662841797 0.2328995168209076
car 0.06875365972518921 142.3978271484375 0.08285786956548691 146.57774353027344 0.6325939297676086
car 0.05730763450264931 139.13050842285156 0.3263704776763916 146.3437957763672 1.264682412147522
pool 0.05646158754825592 92.6394271850586 221.41395568847656 109.49315643310547 223.92738342285156
car 0.0561966672539711 141.43667602539062 0.24861721694469452 146.04051208496094 0.5741248726844788
car 0.05604277178645134 142.74388122558594 0.14937181770801544 147.12222290039062 0.447558730840683
car 0.053678348660469055 143.333740234375 0.0 149.1075439453125 0.6717583537101746
