car 0.9991971850395203 51.238224029541016 117.71550750732422 62.42926788330078 128.83407592773438
car 0.9986580610275269 194.09361267089844 49.30690002441406 205.19476318359375 60.48519515991211
car 0.9977241158485413 100.36553192138672 204.0769500732422 111.46658325195312 215.13763427734375
car 0.9927026033401489 192.72373962402344 36.438392639160156 203.82119750976562 47.63465881347656
pool 0.39504700899124146 0.1385842114686966 137.2820587158203 11.618962287902832 175.94972229003906
pool 0.2655438184738159 0.213984876871109 145.79006958007812 7.923022270202637 173.70150756835938
car 0.210593581199646 223.97738647460938 44.332542419433594 224.0 47.258628845214844
pool 0.17206916213035583 223.97715759277344 44.30482864379883 224.0 47.28798294067383
pool 0.12424915283918381 0.04722030833363533 134.8949432373047 9.482318878173828 157.1784210205078
pool 0.12376231700181961 0.0 147.29278564453125 3.6279795169830322 177.5931854248047
pool 0.07597425580024719 0.03031391091644764 153.76487731933594 5.742762088775635 174.4475555419922
pool 0.0714590847492218 0.0 132.55520629882812 3.8713173866271973 158.27001953125
pool 0.0584796704351902 0.18716523051261902 154.4266815185547 2.245563268661499 175.0894317626953
