car 0.9990795850753784 66.91912078857422 38.48625946044922 78.23640441894531
pool 0.9980923533439636 165.46914672851562 51.047916412353516 209.8894500732422
car 0.995477020740509 111.08706665039062 0.02859237603843212 121.84375762939453
pool 0.9866102337837219 44.844364166259766 199.7338104248047 89.5905990600586
pool 0.5383774042129517 42.47909927368164 211.06788635253906 83.74930572509766
car 0.3889558017253876 123.59934997558594 0.03404683992266655 134.11607360839844
car 0.3150178790092468 124.8894271850586 0.0027334403712302446 133.8370819091797
car 0.24589993059635162 123.4544906616211 0.22144898772239685 132.2020721435547
car 0.210593581199646 223.99307250976562 219.25198364257812 224.0
pool 0.17206916213035583 223.99301147460938 219.22219848632812 224.0
car 0.1205497533082962 126.30619049072266 0.0910801887512207 134.19094848632812
pool 0.10793612152338028 44.98188781738281 217.1324462890625 83.3916244506836
car 0.06023245304822922 125.8916015625 0.010480813682079315 132.43798828125
