car 0.998956561088562 110.81581115722656 204.15737915039062 121.9135971069336
car 0.9988104104995728 73.72235870361328 150.48373413085938 84.76482391357422
car 0.998681366443634 73.59141540527344 206.0143280029297 84.65925598144531
car 0.9778991937637329 0.11609771847724915 130.0296630859375 4.704447269439697
car 0.8246476650238037 30.72365379333496 85.23597717285156 41.83539962768555
car 0.4845968782901764 0.018474722281098366 131.65042114257812 1.8679909706115723
car 0.17040525376796722 0.0 132.2675323486328 0.6296835541725159
pool 0.09219308197498322 220.1129150390625 26.15871810913086 223.99029541015625
car 0.07757844775915146 0.0 129.42489624023438 1.4976937770843506
car 0.07472719997167587 0.0 133.5750274658203 0.258905291557312
car 0.07027293741703033 0.0 135.7261505126953 1.1523774862289429
car 0.06059042736887932 0.0 129.54954528808594 2.728965997695923
car 0.058335211127996445 61.406211853027344 0.0 71.02194213867188
car 0.057394951581954956 0.0 137.1864471435547 0.16310660541057587
pool 0.0528540275990963 218.57675170898438 16.5737361907959 223.99911499023438
