pool 0.9986792206764221 1.4999841451644897 96.7743911743164 45.97716522216797 140.9067840576172
pool 0.99845290184021 1.0415747165679932 4.656914234161377 45.61113357543945 48.724090576171875
car 0.9981030225753784 131.54916381835938 181.6163330078125 142.74285888671875 192.812744140625
car 0.9979782700538635 189.26197814941406 62.579994201660156 200.33766174316406 73.59886169433594
car 0.9976722598075867 207.96755981445312 215.01995849609375 218.7263641357422 224.0
car 0.210593581199646 223.96971130371094 209.4064178466797 224.0 211.95379638671875
car 0.1759602427482605 220.634033203125 217.18560791015625 223.88873291015625 224.0
pool 0.17206916213035583 223.96939086914062 209.38229370117188 224.0 211.9793243408203
car 0.10814069211483002 221.42344665527344 219.76722717285156 223.76992797851562 223.62074279785156
car 0.05807355046272278 222.08042907714844 215.3146209716797 223.92330932617188 220.5810546875
