car 0.9987095594406128 118.0361099243164 147.48031616210938 129.0780487060547 158.59776306152344
car 0.9980935454368591 66.14322662353516 67.7470703125 77.36834716796875 79.05563354492188
car 0.9289440512657166 101.42973327636719 0.0 111.76396179199219 3.4473373889923096
car 0.42630529403686523 122.64076232910156 221.09226989746094 132.05715942382812 224.0
car 0.38603493571281433 100.72956085205078 0.2147243469953537 110.1040267944336 1.8560670614242554
car 0.210593581199646 129.5584716796875 223.99044799804688 132.97349548339844 224.0
car 0.17925021052360535 99.08375549316406 0.0 108.12421417236328 2.717125654220581
pool 0.17206916213035583 129.52117919921875 223.9903564453125 133.0143585205078 224.0
car 0.15353119373321533 103.71500396728516 0.04110981896519661 110.47035217285156 1.2529739141464233
car 0.1400066763162613 103.13276672363281 0.3685583174228668 111.79529571533203 2.1979219913482666
car 0.08362624794244766 104.05633544921875 0.0 110.32701110839844 0.225511834025383
car 0.08274521678686142 124.62608337402344 223.92822265625 129.03424072265625 223.99658203125
car 0.07417932897806168 124.17456817626953 222.1092529296875 130.16775512695312 222.36984252929688
car 0.07174614071846008 123.10758209228516 222.443359375 130.4290771484375 223.62942504882812
car 0.0674443393945694 123.65315246582031 219.39065551757812 133.50332641601562 223.6735382080078
pool 0.06593263894319534 217.5714874267578 86.5451889038086 223.90594482421875 111.22854614257812
car 0.06250264495611191 123.83493041992188 222.24537658691406 129.84884643554688 222.54966735839844
pool 0.05402825027704239 124.49994659423828 223.92697143554688 129.16490173339844 223.99717712402344
car 0.050802912563085556 221.33749389648438 164.1126708984375 223.9700469970703 175.14857482910156
