car 0.9992210865020752 21.78143882751465 172.2374267578125 32.84983444213867 183.384521484375
car 0.9987624883651733 0.0 151.66571044921875 9.480362892150879 163.02020263671875
car 0.9981328845024109 171.53970336914062 51.73414611816406 182.63589477539062 62.94451904296875
car 0.9977008700370789 51.261512756347656 194.8231201171875 62.52261734008789 206.04910278320312
car 0.9976400136947632 110.99656677246094 2.690709352493286 122.15776062011719 13.98318862915039
car 0.9945039749145508 191.87319946289062 68.26248931884766 202.91268920898438 79.44538879394531
car 0.9853701591491699 80.99775695800781 217.353271484375 91.62511444091797 224.0
car 0.8666254878044128 181.9594268798828 61.852725982666016 193.21343994140625 73.34520721435547
car 0.8025830984115601 131.74327087402344 20.567537307739258 142.95352172851562 31.533138275146484
car 0.2306324541568756 98.5283432006836 0.5946921110153198 109.50779724121094 9.083333015441895
car 0.06380384415388107 152.3791961669922 29.67758560180664 163.8971710205078 40.64912414550781
