pool 0.9985209107398987 149.8851318359375 70.50911712646484 194.70645141601562
car 0.9920195937156677 200.1431121826172 44.550079345703125 211.4384307861328
car 0.9741350412368774 0.14522281289100647 0.025302046909928322 4.0932698249816895
car 0.31122568249702454 0.0 0.6102927327156067 2.2237162590026855
car 0.210593581199646 223.9837188720703 43.694671630859375 224.0
pool 0.17206916213035583 223.98355102539062 43.656551361083984 224.0
car 0.12188756465911865 0.0 0.6740928888320923 0.8953654766082764
car 0.10372790694236755 0.6045374870300293 0.2644503712654114 6.2463250160217285
car 0.058810967952013016 0.21804477274417877 0.01539621315896511 5.369497776031494
car 0.057628873735666275 221.41419982910156 43.348106384277344 223.93927001953125
