car 0.9995342493057251 67.11248016357422 189.70278930664062 78.2769546508789 200.81764221191406
car 0.9993504881858826 149.378662109375 200.27569580078125 160.5507354736328 211.36907958984375
car 0.9992138147354126 3.1751632690429688 189.04010009765625 14.266411781311035 200.36656188964844
car 0.9991682767868042 41.56609344482422 189.8803253173828 52.781585693359375 201.00831604003906
car 0.9987525939941406 15.283062934875488 186.92913818359375 26.509748458862305 198.03131103515625
car 0.9981008172035217 28.771114349365234 188.14439392089844 39.888362884521484 199.36643981933594
car 0.9965807795524597 157.33131408691406 210.66558837890625 168.43125915527344 221.7374725341797
car 0.9945356845855713 54.22169494628906 188.1087646484375 65.52539825439453 199.78440856933594
car 0.9254791736602783 88.30059051513672 61.18026351928711 100.15694427490234 72.35165405273438
car 0.5918607115745544 164.28781127929688 220.10206604003906 175.61338806152344 223.75279235839844
car 0.46455031633377075 166.4613800048828 221.41583251953125 175.93333435058594 223.58059692382812
car 0.27242982387542725 91.38155364990234 58.415565490722656 103.0390853881836 69.95928955078125
car 0.11217599362134933 84.39961242675781 61.57355499267578 96.18543243408203 72.66992950439453
car 0.10545668751001358 207.13868713378906 177.16090393066406 218.30577087402344 188.85777282714844
