car 0.9989650249481201 206.156005859375 118.53123474121094 217.25599670410156 129.7348175048828
car 0.9977801442146301 115.50651550292969 74.2436294555664 126.55979919433594 85.37574768066406
car 0.7437644004821777 219.72669982910156 143.0373077392578 223.87969970703125 152.7787322998047
car 0.6381062269210815 93.518310546875 41.188690185546875 104.50386810302734 51.727867126464844
car 0.6137599945068359 221.46580505371094 144.3733673095703 223.7491455078125 153.08351135253906
car 0.3727492690086365 219.7091064453125 133.1045379638672 224.0 141.67124938964844
car 0.23791535198688507 221.8741912841797 132.4295196533203 224.0 141.1815948486328
car 0.21448421478271484 222.13258361816406 142.97708129882812 224.0 151.8823699951172
car 0.210593581199646 223.99314880371094 80.89390563964844 224.0 85.01985168457031
pool 0.17206916213035583 223.99305725097656 80.85482788085938 224.0 85.06123352050781
car 0.12361890822649002 222.4053192138672 135.04441833496094 223.97422790527344 142.58389282226562
car 0.10680992156267166 222.34886169433594 146.12644958496094 223.79763793945312 154.2321319580078
car 0.08098108321428299 223.89248657226562 136.25741577148438 223.99632263183594 140.8004608154297
car 0.07999852299690247 220.61866760253906 144.60101318359375 223.19923400878906 152.0322265625
car 0.07990343123674393 222.8927459716797 146.6088409423828 223.9318084716797 152.3386993408203
car 0.069218710064888 222.7091827392578 133.21395874023438 224.0 139.5166778564453
car 0.06681597977876663 221.2685546875 133.18576049804688 223.1678466796875 140.0333251953125
car 0.059603724628686905 223.59640502929688 134.1163787841797 223.98175048828125 139.40567016601562
pool 0.05615481361746788 223.8910369873047 136.1374969482422 223.99757385253906 140.9403076171875
car 0.05115898326039314 222.76693725585938 136.73866271972656 223.4336395263672 141.56732177734375
