car 0.9985120892524719 133.185302734375 53.5500373840332 144.30076599121094
car 0.9982653260231018 136.6753387451172 2.4693970680236816 147.86785888671875
car 0.9949766397476196 148.0260009765625 0.025340499356389046 159.0404815673828
car 0.29661494493484497 221.0542755126953 42.58100891113281 224.0
car 0.210593581199646 223.992431640625 49.14963912963867 224.0
pool 0.17206916213035583 223.99234008789062 49.118690490722656 224.0
car 0.10678722709417343 222.0668182373047 45.93523406982422 222.9640655517578
car 0.07407534867525101 222.56045532226562 46.05104446411133 223.9713592529297
car 0.0643528401851654 223.94204711914062 46.167030334472656 223.99745178222656
car 0.05802113190293312 223.88690185546875 45.17606735229492 223.99508666992188
car 0.05768812447786331 223.93849182128906 45.0570182800293 223.997314453125
car 0.05634588375687599 223.9408721923828 48.337276458740234 223.99746704101562
car 0.05562801659107208 222.3551025390625 47.48854064941406 223.7013397216797
car 0.054332341998815536 222.55430603027344 44.062564849853516 223.76589965820312
car 0.050769638270139694 223.9052276611328 44.0579948425293 223.99562072753906
