car 0.9990181922912598 98.60266876220703 61.32339096069336 109.7686767578125
car 0.9985587000846863 105.10277557373047 75.31890106201172 116.140869140625
car 0.9982908368110657 26.636795043945312 207.0873565673828 37.66032409667969
pool 0.9980990290641785 164.00831604003906 47.40693664550781 207.9916229248047
pool 0.9955630302429199 197.86141967773438 102.00225067138672 223.62644958496094
car 0.6814380288124084 138.75852966308594 82.06266784667969 149.652587890625
pool 0.18851257860660553 207.53282165527344 97.06901550292969 224.0
car 0.1251688450574875 193.83917236328125 0.5206522345542908 205.03309631347656
car 0.06180813908576965 196.21231079101562 0.006328265648335218 202.1646728515625
car 0.052895687520504 194.17727661132812 0.0 202.83346557617188
pool 0.05184667930006981 217.70025634765625 97.59912109375 224.0
