car 0.9988940358161926 43.842063903808594 183.33700561523438 55.034339904785156 194.4031982421875
car 0.9988791346549988 201.32687377929688 141.72332763671875 212.49073791503906 152.8883514404297
car 0.9988158941268921 184.78025817871094 82.48548889160156 195.8759765625 93.61982727050781
car 0.998552143573761 53.287654876708984 175.72686767578125 64.27527618408203 186.7264404296875
car 0.9984830021858215 137.42529296875 48.68528747558594 148.65054321289062 59.7921028137207
car 0.9984269142150879 86.28190612792969 80.53690338134766 97.296875 91.71224212646484
car 0.9976919889450073 63.15077590942383 167.7527313232422 74.21400451660156 178.80992126464844
car 0.9960210919380188 170.29139709472656 117.30632781982422 181.3009033203125 128.47357177734375
car 0.9957379102706909 207.01844787597656 77.35649108886719 218.16127014160156 88.3443374633789
car 0.9939680099487305 181.9180145263672 135.25143432617188 193.3234100341797 146.48648071289062
car 0.9774733781814575 72.85228729248047 160.4359130859375 83.8950424194336 171.64141845703125
car 0.2939920425415039 221.0160675048828 207.53994750976562 223.83360290527344 218.537841796875
car 0.22379757463932037 215.50291442871094 204.47288513183594 223.87010192871094 218.25192260742188
car 0.20682263374328613 23.846315383911133 196.47845458984375 34.72184753417969 207.75962829589844
car 0.16119368374347687 221.86289978027344 205.9864044189453 224.0 216.2919158935547
car 0.07059267908334732 221.99661254882812 203.55072021484375 223.66314697265625 213.13258361816406
car 0.061424724757671356 222.2494354248047 211.0971221923828 223.69796752929688 218.6650848388672
