car 0.999103307723999 136.8760986328125 189.51715087890625 147.96917724609375
car 0.9989722967147827 31.892793655395508 109.37176513671875 43.11000442504883
car 0.9989475607872009 155.89840698242188 203.16958618164062 167.05995178222656
car 0.998885452747345 23.085567474365234 101.33992004394531 34.25648880004883
car 0.9988841414451599 109.04948425292969 165.96298217773438 120.18115997314453
car 0.9988492727279663 4.542149066925049 85.67642211914062 15.621691703796387
car 0.9987982511520386 146.0876007080078 196.5872802734375 157.23486328125
car 0.9987980127334595 35.88658142089844 191.07069396972656 46.94693374633789
car 0.9987805485725403 82.29615783691406 146.78170776367188 93.3956069946289
car 0.9987450838088989 122.28231048583984 102.822021484375 133.42173767089844
car 0.9986637830734253 98.2929916381836 160.50071716308594 109.33651733398438
car 0.9985236525535583 42.40076446533203 115.20298767089844 53.544830322265625
car 0.998424768447876 0.009817581623792648 3.5862231254577637 10.139573097229004
car 0.9984026551246643 0.0 75.405517578125 8.043371200561523
car 0.998196542263031 118.15953826904297 174.40652465820312 129.23367309570312
car 0.9981333613395691 163.87527465820312 212.4168701171875 175.1289825439453
car 0.9980342984199524 78.37283325195312 69.60242462158203 89.49170684814453
car 0.9979403614997864 101.94581604003906 87.93535614013672 113.08070373535156
car 0.9979256391525269 12.350275039672852 95.0802993774414 23.60040283203125
car 0.9978512525558472 52.53615188598633 123.32170104980469 63.73540115356445
car 0.9978488683700562 46.199859619140625 42.58226013183594 57.27642822265625
car 0.9978298544883728 62.49962615966797 130.94638061523438 73.65064239501953
car 0.9973827004432678 25.422786712646484 159.38595581054688 36.52903747558594
car 0.9972975850105286 141.31521606445312 117.820556640625 152.43869018554688
car 0.9972622394561768 166.62545776367188 138.97271728515625 177.66973876953125
car 0.9967202544212341 72.60086059570312 138.7633514404297 83.81482696533203
car 0.9961740374565125 128.50247192382812 181.73590087890625 139.59788513183594
car 0.9953502416610718 29.525053024291992 204.10409545898438 40.5836067199707
car 0.9944327473640442 44.77724838256836 172.52044677734375 55.765480041503906
car 0.9754963517189026 23.001384735107422 24.991943359375 34.461997985839844
car 0.9744260907173157 174.69439697265625 218.490478515625 185.61155700683594
car 0.9403287768363953 19.683366775512695 213.69020080566406 31.014142990112305
car 0.9340028166770935 212.25296020507812 62.252254486083984 222.97921752929688
car 0.8454535603523254 14.059784889221191 175.8705596923828 25.2974853515625
car 0.210593581199646 96.85453033447266 223.98915100097656 100.0156021118164
car 0.20843352377414703 18.035558700561523 217.6876220703125 29.663528442382812
pool 0.17206916213035583 96.82000732421875 223.98904418945312 100.05342102050781
