car 0.9991015195846558 207.23326110839844 21.74496078491211 218.37600708007812 32.871917724609375
car 0.9986355900764465 195.92271423339844 29.60376739501953 207.0470733642578 40.71064376831055
car 0.998163640499115 179.26307678222656 103.23033905029297 190.37503051757812 114.34425354003906
car 0.9973669648170471 101.50456237792969 45.06904602050781 112.75894165039062 56.156185150146484
car 0.9965282082557678 193.04556274414062 114.91493225097656 204.11912536621094 126.12759399414062
car 0.9964792132377625 90.92282104492188 36.44331359863281 102.06510925292969 47.488128662109375
car 0.9961811304092407 94.36724853515625 0.29694992303848267 105.20635986328125 11.041848182678223
car 0.9839974641799927 187.92001342773438 0.0 198.9119873046875 5.019094944000244
car 0.968238115310669 0.0 13.121626853942871 4.947908401489258 24.058853149414062
car 0.9570829272270203 218.27627563476562 15.919426918029785 223.947021484375 27.300634384155273
car 0.6952328085899353 153.1290740966797 81.59517669677734 164.52767944335938 93.52438354492188
car 0.5518847107887268 198.5779571533203 0.24501147866249084 208.18077087402344 6.3428215980529785
car 0.4103182256221771 187.56570434570312 0.0 196.93377685546875 2.5780153274536133
car 0.3710106313228607 0.0 13.93716049194336 2.3741354942321777 23.858476638793945
car 0.25614088773727417 103.64464569091797 0.11230523884296417 110.12378692626953 1.6617017984390259
car 0.20820482075214386 105.34449768066406 0.0 111.99513244628906 1.3363159894943237
car 0.19278819859027863 109.27642822265625 0.0257780272513628 116.08720397949219 1.0632432699203491
car 0.15753215551376343 105.61324310302734 0.0019369268557056785 111.51615905761719 0.5586486458778381
car 0.15054935216903687 170.6332550048828 92.40452575683594 181.81637573242188 104.0900650024414
car 0.13012385368347168 221.97325134277344 6.209384441375732 223.6934051513672 14.731544494628906
car 0.11573927104473114 109.30160522460938 0.0 114.36128234863281 0.479308158159256
car 0.11571986973285675 109.31333923339844 0.0 114.40693664550781 0.2189098447561264
car 0.11365393549203873 108.5958251953125 0.0 113.49050903320312 0.077058807015419
car 0.11233013868331909 13.369942665100098 126.64849853515625 24.4570255279541 137.65525817871094
car 0.10032574087381363 107.5984878540039 0.0 112.53289031982422 0.7102673053741455
car 0.09288374334573746 104.42171478271484 0.34163832664489746 112.83212280273438 1.8437447547912598
car 0.0926775336265564 110.23038482666016 0.0 115.52954864501953 0.3156468868255615
car 0.0724162831902504 108.26859283447266 0.2503831684589386 113.89834594726562 1.410041093826294
car 0.07204943895339966 110.0244140625 0.17646636068820953 115.13497924804688 0.7872909307479858
car 0.065233513712883 198.20242309570312 0.42893290519714355 207.4863739013672 2.6740927696228027
car 0.052690669894218445 26.485265731811523 0.0 31.137521743774414 0.46073007583618164
