car 0.9986985921859741 208.21197509765625 177.926025390625 219.16184997558594
car 0.210593581199646 223.98135375976562 207.3215789794922 224.0
car 0.18065840005874634 220.651123046875 206.67335510253906 224.0
pool 0.17206916213035583 223.98117065429688 207.28012084960938 224.0
car 0.1273585557937622 218.6680145263672 207.2993927001953 223.91464233398438
car 0.09579172730445862 220.5555877685547 171.6425323486328 223.982421875
car 0.09535523504018784 221.87046813964844 172.61639404296875 223.3732147216797
car 0.07905112206935883 221.9855499267578 205.9725799560547 223.92227172851562
car 0.06505037844181061 221.7342987060547 209.88140869140625 223.50999450683594
car 0.0518566370010376 222.31198120117188 170.5946502685547 223.7230987548828
