car 0.999168872833252 136.45965576171875 157.28057861328125 147.61968994140625
car 0.9991395473480225 92.92582702636719 145.1531524658203 104.0811538696289
car 0.9989081621170044 38.1417121887207 65.17511749267578 49.31974411010742
car 0.9987731575965881 20.174911499023438 46.570926666259766 31.27164077758789
car 0.9986401200294495 28.845876693725586 56.284000396728516 39.92244338989258
car 0.9986379742622375 158.06414794921875 173.49208068847656 169.05624389648438
car 0.9984239339828491 91.02397155761719 78.35450744628906 102.07952880859375
car 0.9983727335929871 48.17734909057617 73.22368621826172 59.36217498779297
car 0.9979540109634399 195.1062774658203 114.09503936767578 206.14364624023438
car 0.9979070425033569 15.512020111083984 105.46475982666016 26.666467666625977
car 0.9978445768356323 204.82266235351562 210.58035278320312 216.0444793701172
car 0.9976129531860352 144.49258422851562 5.4901652336120605 155.63946533203125
car 0.9965698719024658 9.1738920211792 40.19834518432617 20.329999923706055
car 0.9932734966278076 213.06063842773438 127.96426391601562 223.5738983154297
car 0.9931018352508545 0.4016823470592499 26.629558563232422 10.706945419311523
car 0.984670877456665 79.75550842285156 182.91920471191406 90.58658599853516
car 0.9791585803031921 119.26009368896484 140.9854278564453 130.83998107910156
car 0.9551815986633301 215.3916473388672 217.58697509765625 224.0
car 0.5385210514068604 219.2212371826172 215.51968383789062 223.59262084960938
car 0.43687549233436584 215.97560119628906 220.18670654296875 223.8716278076172
car 0.09205026924610138 0.0052742864936590195 107.20689392089844 0.6424562931060791
car 0.08273936808109283 0.2753278315067291 106.93028259277344 0.8249005675315857
car 0.0821409672498703 0.0012569880345836282 107.66016387939453 0.3073866665363312
car 0.0820607915520668 0.00023643106396775693 107.68122863769531 0.05868861824274063
car 0.07317152619361877 0.0017187977209687233 108.38712310791016 0.3620890974998474
car 0.06878997385501862 0.0006985473446547985 108.7748794555664 0.0943802073597908
