car 0.9992464780807495 118.52874755859375 126.48457336425781 129.62313842773438
car 0.9988127946853638 12.693175315856934 169.44293212890625 23.82253646850586
pool 0.9980177879333496 110.387939453125 47.41844177246094 154.03150939941406
car 0.9979848861694336 202.72348022460938 202.7143096923828 213.81759643554688
car 0.656865119934082 214.33424377441406 218.572509765625 223.76406860351562
car 0.3473891317844391 213.29507446289062 221.7823944091797 221.9051055908203
car 0.23385104537010193 220.3333740234375 217.42543029785156 223.99630737304688
car 0.19249320030212402 213.85891723632812 222.09231567382812 220.55520629882812
car 0.1851138174533844 213.28233337402344 222.60757446289062 220.9477081298828
car 0.17800754308700562 211.59317016601562 220.307861328125 220.37759399414062
car 0.15657156705856323 221.5420379638672 220.376953125 223.37437438964844
car 0.13572783768177032 211.86672973632812 222.04876708984375 218.93002319335938
car 0.12162180989980698 214.65530395507812 222.45899963378906 221.14651489257812
car 0.10610140860080719 212.43609619140625 222.74200439453125 219.4853057861328
car 0.06676073372364044 221.6334991455078 218.10301208496094 223.44725036621094
car 0.06340938061475754 218.16488647460938 222.0164794921875 223.58973693847656
