car 0.9988009929656982 34.5203742980957 100.1936264038086 45.661781311035156
car 0.9987068176269531 76.58740997314453 140.1732177734375 87.69123077392578
car 0.9986863732337952 85.31819152832031 172.3728790283203 96.5566635131836
car 0.9986075758934021 24.676494598388672 176.26560974121094 35.75390625
car 0.9985688924789429 2.9595439434051514 120.88285827636719 14.19907283782959
car 0.99854975938797 24.043575286865234 107.50114440917969 35.10782241821289
car 0.9984847903251648 114.40233612060547 7.840791702270508 125.5460433959961
car 0.9984354376792908 5.492313385009766 79.19698333740234 16.549015045166016
car 0.9983804225921631 171.4325408935547 195.29812622070312 182.41758728027344
car 0.9983289837837219 190.57064819335938 173.98626708984375 201.7424774169922
car 0.9983213543891907 75.60225677490234 179.78330993652344 86.7225341796875
car 0.9981568455696106 90.85689544677734 63.37897491455078 102.01195526123047
car 0.9981179237365723 169.41177368164062 119.23069763183594 180.50302124023438
car 0.9979464411735535 138.04151916503906 139.56353759765625 149.18040466308594
car 0.9978795051574707 119.99880981445312 109.93788146972656 131.1562042236328
car 0.9977748990058899 151.51466369628906 89.47551727294922 162.57606506347656
car 0.9977153539657593 95.92861938476562 165.55804443359375 107.1646957397461
car 0.9974125027656555 103.6104507446289 15.64523696899414 114.75126647949219
car 0.9972545504570007 54.64698791503906 156.8173370361328 65.70303344726562
car 0.9969964027404785 133.61553955078125 0.0 144.5564422607422
car 0.9969244599342346 115.67683410644531 151.7635955810547 126.65472412109375
car 0.9969173669815063 72.24958038330078 36.85084915161133 83.40762329101562
car 0.9950796365737915 157.44493103027344 125.34317016601562 168.47007751464844
car 0.9925708174705505 35.00965118408203 169.69847106933594 46.142333984375
car 0.9902106523513794 183.78109741210938 72.27351379394531 194.822265625
car 0.9879912734031677 44.962181091308594 162.99395751953125 55.9315299987793
car 0.9875611662864685 0.0 86.68167877197266 4.95333194732666
car 0.9840002655982971 65.84297180175781 147.8802490234375 77.20393371582031
car 0.9418697953224182 54.13328170776367 45.21192932128906 65.33358001708984
car 0.859974205493927 0.07409181445837021 127.82784271240234 3.2927093505859375
car 0.3852476179599762 0.0 128.99143981933594 1.8027794361114502
