car 0.9991055130958557 60.299644470214844 205.77822875976562 71.52130889892578 216.87229919433594
car 0.9981638789176941 158.05133056640625 107.58517456054688 169.1278839111328 118.65060424804688
pool 0.987223744392395 203.29464721679688 7.366901874542236 223.40501403808594 53.228092193603516
pool 0.9827100038528442 0.14944587647914886 15.547306060791016 13.492899894714355 55.7198371887207
pool 0.46847569942474365 216.87551879882812 12.309761047363281 224.0 53.40651321411133
pool 0.3652676045894623 0.0 20.236318588256836 7.771659851074219 56.54492950439453
pool 0.2403978407382965 0.0 14.166234016418457 4.830041885375977 47.38364791870117
car 0.210593581199646 223.98460388183594 215.83326721191406 224.0 218.40798950195312
pool 0.17206916213035583 223.98443603515625 215.80886840820312 224.0 218.43380737304688
pool 0.14063970744609833 210.56057739257812 2.6989948749542236 223.62867736816406 44.1561393737793
pool 0.12526576220989227 0.07879632711410522 21.350486755371094 3.2963643074035645 55.986595153808594
pool 0.10254775732755661 218.37481689453125 2.854525089263916 223.97146606445312 39.893531799316406
pool 0.10020897537469864 0.2004019170999527 21.599061965942383 11.03866195678711 45.242286682128906
car 0.07050815224647522 219.0615692138672 202.1370086669922 223.94410705566406 214.53326416015625
pool 0.05493394657969475 0.06931159645318985 29.230775833129883 5.65266752243042 60.664920806884766
