car 0.998980700969696 126.72618865966797 15.248047828674316 137.88552856445312 26.332477569580078
car 0.725596010684967 0.0 52.731842041015625 4.736142158508301 63.59097671508789
car 0.44075244665145874 23.00642967224121 0.32669106125831604 35.34814453125 3.574394941329956
car 0.4012540876865387 0.0 52.720706939697266 1.7564829587936401 61.9324836730957
car 0.3785482943058014 66.18954467773438 128.5195770263672 77.35328674316406 139.72940063476562
car 0.26278290152549744 21.808256149291992 0.10228017717599869 33.9493522644043 2.204169988632202
car 0.22412416338920593 0.0 50.62462615966797 2.7489311695098877 61.017215728759766
car 0.1737958788871765 25.26798439025879 0.07193402200937271 37.07278823852539 1.8948028087615967
car 0.15381507575511932 0.0 55.308753967285156 2.6436145305633545 64.84886932373047
car 0.08429855108261108 0.1115802600979805 50.99573516845703 1.4139118194580078 58.94704055786133
pool 0.08379916101694107 19.9898624420166 0.03412815183401108 39.340572357177734 5.2851176261901855
car 0.06655367463827133 0.1709277480840683 57.34373092651367 1.163314700126648 63.79112243652344
car 0.060601454228162766 22.316143035888672 1.0676072835922241 32.36100387573242 2.9596946239471436
