car 0.9986900687217712 190.4039764404297 215.53785705566406 201.2084503173828
car 0.9985324144363403 156.84132385253906 165.87635803222656 167.91444396972656
car 0.9985302686691284 19.026460647583008 79.40068817138672 29.99543571472168
car 0.9966333508491516 69.50127410888672 159.84178161621094 80.60071563720703
car 0.9960007071495056 197.44334411621094 174.5661163330078 208.50466918945312
car 0.9951568245887756 87.5223159790039 170.92709350585938 98.74259185791016
car 0.9929890632629395 67.22748565673828 184.0120086669922 78.07894134521484
car 0.9815168380737305 83.24920654296875 111.43663024902344 94.23274993896484
car 0.9217959046363831 29.8964900970459 89.75022888183594 41.157840728759766
car 0.0592251718044281 221.84695434570312 180.96151733398438 224.0
