car 0.9990960359573364 73.6192626953125 197.16578674316406 84.80415344238281
car 0.9982477426528931 0.0 41.49838638305664 8.361861228942871
car 0.998007595539093 32.38280487060547 194.1092071533203 43.571895599365234
pool 0.9978849291801453 171.30162048339844 93.27384185791016 216.24057006835938
car 0.12724360823631287 0.10078912228345871 22.285186767578125 1.1242566108703613
car 0.08128015697002411 0.0038640403654426336 23.961881637573242 0.745522677898407
car 0.06307116150856018 0.20774146914482117 19.839275360107422 1.241015911102295
car 0.05455620586872101 0.0 25.088199615478516 0.2612939178943634
car 0.050887078046798706 0.12129642069339752 25.007230758666992 0.5344021320343018
car 0.050364069640636444 0.1159336119890213 26.44185447692871 0.44025352597236633
