car 0.9986494183540344 38.170143127441406 199.354248046875 49.2712287902832 210.52894592285156
car 0.9967645406723022 48.810447692871094 190.5392303466797 59.747230529785156 201.7809600830078
pool 0.9889839291572571 121.22734069824219 0.0 163.4000244140625 15.958639144897461
car 0.9799346327781677 151.69894409179688 76.1049575805664 162.63360595703125 87.2813491821289
pool 0.5505340695381165 125.949462890625 0.0 163.74734497070312 8.898760795593262
pool 0.14627522230148315 117.33956146240234 0.0 152.48342895507812 5.92232608795166
pool 0.06697937101125717 217.18826293945312 118.75135803222656 224.0 149.51194763183594
pool 0.06644250452518463 221.12294006347656 116.48097229003906 224.0 142.6355438232422
pool 0.061628714203834534 133.2560272216797 0.0 164.3732452392578 4.806141376495361
pool 0.05816607177257538 3.76942777633667 0.0 25.40462303161621 15.21873664855957
