car 0.9993651509284973 163.47235107421875 67.33560180664062 174.48809814453125 78.57019805908203
car 0.9988542795181274 136.41363525390625 60.14862823486328 147.5487518310547 71.28463745117188
car 0.9984742999076843 144.65304565429688 45.37735366821289 155.77734375 56.50368881225586
pool 0.9983225464820862 0.1023959368467331 41.04964065551758 37.06321334838867 86.25763702392578
car 0.9982726573944092 32.729129791259766 163.9459686279297 43.81003952026367 175.09849548339844
pool 0.6587114930152893 217.53958129882812 0.3609759509563446 224.0 17.86437225341797
car 0.5578716993331909 0.0 95.18201446533203 2.8700058460235596 105.22711944580078
pool 0.32258519530296326 212.89288330078125 0.29051560163497925 224.0 22.02430534362793
car 0.2769278883934021 0.16729788482189178 96.45674133300781 1.6078693866729736 105.18755340576172
pool 0.14536790549755096 214.5873260498047 0.0 224.0 11.099283218383789
pool 0.10731010884046555 217.5205078125 2.699970006942749 224.0 30.958072662353516
pool 0.08888726681470871 219.68374633789062 3.8541903495788574 223.93179321289062 24.30644989013672
pool 0.07767990976572037 206.62245178222656 0.0 223.9949951171875 8.844291687011719
pool 0.06591548025608063 219.0867919921875 0.0 224.0 9.348499298095703
car 0.058992478996515274 0.1435367614030838 97.90799713134766 0.8339298963546753 105.21665954589844
