pool 0.9991648197174072 105.93714904785156 145.8516082763672 150.0644073486328
pool 0.997815728187561 20.689123153686523 122.47463989257812 65.18162536621094
pool 0.5163893699645996 4.479065418243408 216.2998504638672 38.33578109741211
pool 0.45264098048210144 138.7591552734375 40.54142379760742 186.9035186767578
pool 0.2507801651954651 4.821179389953613 220.26316833496094 29.755094528198242
car 0.210593581199646 16.864971160888672 223.9766387939453 21.528709411621094
car 0.210593581199646 223.98912048339844 217.2500457763672 224.0
car 0.210593581199646 223.98184204101562 135.75286865234375 224.0
pool 0.17206916213035583 223.9816436767578 135.72085571289062 224.0
pool 0.17206916213035583 16.81403350830078 223.9763946533203 21.584508895874023
pool 0.17206916213035583 223.98898315429688 217.20925903320312 224.0
pool 0.1357431262731552 12.879180908203125 219.9634552001953 45.82927703857422
