car 0.9984607696533203 87.40914916992188 79.26034545898438 98.552001953125 90.44617462158203
pool 0.9064071774482727 212.89743041992188 1.5238500833511353 223.60903930664062 37.3742790222168
pool 0.7141913771629333 218.65773010253906 0.3370501697063446 224.0 25.18715476989746
pool 0.6102861762046814 217.8247528076172 9.282872200012207 223.5195770263672 39.6801643371582
pool 0.5288230776786804 220.43402099609375 5.644899368286133 223.61932373046875 34.61338806152344
pool 0.4106229245662689 221.47596740722656 12.633013725280762 223.9739227294922 35.49893569946289
pool 0.3299717307090759 219.77157592773438 3.9652228355407715 223.95814514160156 19.703659057617188
car 0.210593581199646 223.99465942382812 22.732547760009766 224.0 26.596406936645508
pool 0.17206916213035583 223.99459838867188 22.695953369140625 224.0 26.635162353515625
pool 0.17067274451255798 220.72157287597656 17.620887756347656 223.51063537597656 40.98032760620117
pool 0.09150788187980652 219.66497802734375 16.310869216918945 223.9473876953125 33.22972106933594
