car 0.9986628293991089 138.0649871826172 95.10372161865234 149.0548095703125
pool 0.9957000017166138 18.456361770629883 115.48660278320312 63.4075927734375
pool 0.9952524900436401 56.32841491699219 195.88539123535156 101.65705871582031
pool 0.9863843321800232 0.0 0.08218078315258026 12.515727043151855
pool 0.624337375164032 0.0 1.848482370376587 6.147148609161377
pool 0.2670237421989441 0.0 8.424690246582031 4.143213748931885
pool 0.226729616522789 61.58829116821289 210.9110107421875 101.19428253173828
pool 0.18104247748851776 0.0 0.0 25.04265594482422
pool 0.13042552769184113 0.0 214.59034729003906 7.187270164489746
pool 0.12848053872585297 0.0 3.3719446659088135 2.725910186767578
pool 0.09116886556148529 0.0 219.58169555664062 6.982238292694092
pool 0.07776899635791779 0.004365587141364813 221.64437866210938 2.051413059234619
pool 0.06277075409889221 0.3105696737766266 221.23875427246094 1.4676674604415894
pool 0.061941374093294144 56.243507385253906 217.1400146484375 90.21538543701172
pool 0.061059873551130295 0.0 221.09373474121094 0.8840087056159973
pool 0.05515104904770851 0.0 0.0 4.682065486907959
pool 0.050581175833940506 0.31153663992881775 222.00164794921875 4.1579670906066895
