pool 0.9986006617546082 41.29591751098633 68.23545837402344 85.29866027832031 112.11650085449219
pool 0.9984683394432068 95.00748443603516 42.75544738769531 139.14605712890625 87.47374725341797
pool 0.9984353184700012 3.284719228744507 0.0 47.71711730957031 32.721038818359375
pool 0.9982399940490723 162.33615112304688 155.72434997558594 206.82652282714844 199.17739868164062
pool 0.9963375329971313 127.66150665283203 204.3433380126953 170.040283203125 223.44003295898438
pool 0.4696826636791229 208.9477081298828 217.0052490234375 224.0 224.0
pool 0.37517309188842773 43.365264892578125 0.07209030538797379 83.79960632324219 7.237345218658447
pool 0.10757792741060257 122.4073257446289 212.64633178710938 163.23704528808594 224.0
pool 0.09919151663780212 52.160125732421875 0.08573801070451736 83.20710754394531 3.9647433757781982
pool 0.06370703876018524 208.2842559814453 220.107666015625 222.48492431640625 223.6796875
