car 0.9983441829681396 0.01717422530055046 148.8373260498047 10.022980690002441
pool 0.9953049421310425 169.1707305908203 192.5983428955078 214.5110321044922
pool 0.9899590611457825 75.40304565429688 209.75750732421875 120.99369049072266
pool 0.44922876358032227 76.50128173828125 216.0650634765625 114.0210952758789
pool 0.09335890412330627 74.34611511230469 219.56919860839844 108.09498596191406
pool 0.06423462182283401 82.5838851928711 223.92164611816406 86.82777404785156
pool 0.060965072363615036 85.64183044433594 218.7240447998047 119.22080993652344
pool 0.05704555660486221 86.41170501708984 223.8975372314453 90.98846435546875
pool 0.05272790789604187 67.44123840332031 221.5006866455078 90.53778839111328
pool 0.050225213170051575 173.988525390625 212.36538696289062 211.3468475341797
