car 0.9989467263221741 73.63349151611328 74.48160552978516 84.747802734375
car 0.9985796213150024 172.4956817626953 11.024741172790527 183.66380310058594
car 0.9984045624732971 158.1897735595703 6.384795188903809 169.28060913085938
car 0.9983166456222534 80.65119171142578 86.29298400878906 91.69147491455078
car 0.9966649413108826 44.900978088378906 27.707969665527344 56.04092788696289
pool 0.9838041663169861 33.26559066772461 210.10028076171875 76.40992736816406
pool 0.6298981308937073 33.41613006591797 215.48431396484375 68.15680694580078
car 0.210593581199646 36.445343017578125 223.97421264648438 40.93046951293945
car 0.210593581199646 37.80815505981445 223.9796600341797 42.18223190307617
pool 0.20734567940235138 31.785245895385742 219.59864807128906 65.35255432128906
pool 0.17206916213035583 36.39635467529297 223.9739532470703 40.984134674072266
pool 0.17206916213035583 37.760379791259766 223.97947692871094 42.234561920166016
pool 0.0735059604048729 35.14463806152344 223.93243408203125 40.31906509399414
pool 0.06341759115457535 47.76669692993164 223.9288787841797 52.488529205322266
