car 0.9990087151527405 178.55718994140625 112.23975372314453 189.69207763671875
pool 0.9987375140190125 3.919316530227661 179.69027709960938 47.487606048583984
car 0.9985876083374023 166.6266326904297 102.60267639160156 177.80604553222656
pool 0.9984725117683411 27.892375946044922 86.41739654541016 72.86956787109375
pool 0.9980053305625916 85.1467514038086 141.79275512695312 129.3523712158203
car 0.9978336691856384 185.0144805908203 53.45193099975586 196.11155700683594
car 0.9752660989761353 197.4569549560547 94.43561553955078 208.65484619140625
car 0.210593581199646 223.99234008789062 107.9912109375 224.0
pool 0.17206916213035583 223.99224853515625 107.95991516113281 224.0
pool 0.11263123154640198 0.0 195.2779083251953 5.467040061950684
