car 0.9994194507598877 89.32250213623047 205.2180633544922 100.5200424194336
car 0.9987483024597168 124.37732696533203 176.11471557617188 135.51556396484375
car 0.998711109161377 66.0512924194336 62.75893020629883 77.0570297241211
car 0.9987082481384277 73.18411254882812 180.83987426757812 84.30725860595703
car 0.998680055141449 39.121612548828125 46.25872039794922 50.238609313964844
car 0.9978798627853394 88.38088989257812 72.49668884277344 99.42047882080078
car 0.9975816011428833 0.1068478375673294 72.9062271118164 10.11141300201416
car 0.9968180656433105 81.9785385131836 193.95748901367188 93.0587387084961
car 0.9963982105255127 96.32078552246094 216.67198181152344 107.28553009033203
car 0.9917248487472534 0.13327407836914062 60.689964294433594 5.3476881980896
car 0.9337051510810852 21.420427322387695 217.65231323242188 32.05121612548828
car 0.6609285473823547 0.0 61.82851791381836 2.1472883224487305
car 0.48795366287231445 21.575098037719727 220.7408447265625 31.212825775146484
pool 0.4333442747592926 46.71715545654297 99.99508666992188 92.20610809326172
car 0.08854588121175766 0.0 61.23873519897461 1.0732592344284058
car 0.07480460405349731 17.26749038696289 0.05951591581106186 23.965791702270508
car 0.06736800074577332 15.90587329864502 0.0 22.059226989746094
car 0.0537872314453125 0.3461603820323944 50.35017776489258 1.4189505577087402
