car 0.9980757236480713 94.50289154052734 122.83439636230469 105.51296997070312
car 0.9980202913284302 194.70130920410156 114.06671142578125 205.87277221679688
pool 0.971957802772522 24.2598876953125 210.84864807128906 71.07675170898438
pool 0.6245303750038147 23.124040603637695 216.22470092773438 61.88132095336914
car 0.5930739641189575 205.65060424804688 220.3929901123047 215.78118896484375
car 0.3974851667881012 206.60806274414062 221.73422241210938 216.0718994140625
pool 0.3472136855125427 33.50806427001953 217.5299530029297 72.26708221435547
pool 0.2281029373407364 29.14922332763672 219.1727752685547 60.273468017578125
car 0.210593581199646 217.39561462402344 223.9681854248047 219.66665649414062
car 0.210593581199646 45.304725646972656 223.9696807861328 49.181114196777344
car 0.210593581199646 44.168617248535156 223.9636993408203 48.09759521484375
pool 0.17206916213035583 217.37081909179688 223.96786499023438 219.6938018798828
pool 0.17206916213035583 45.262386322021484 223.96939086914062 49.22749710083008
pool 0.17206916213035583 44.125701904296875 223.96336364746094 48.14460372924805
pool 0.11773421615362167 28.41779899597168 220.63128662109375 53.21417999267578
pool 0.08745671808719635 33.80781555175781 221.590576171875 56.26717758178711
car 0.0758768692612648 202.32571411132812 220.35592651367188 211.89056396484375
car 0.07304402440786362 204.397216796875 222.146728515625 213.13426208496094
car 0.0684034526348114 205.4654083251953 221.78968811035156 213.8342742919922
pool 0.06794416904449463 39.80270004272461 223.89076232910156 44.24074172973633
car 0.06747525185346603 212.46261596679688 223.89024353027344 216.75657653808594
pool 0.06235748156905174 40.9814567565918 223.910400390625 45.368892669677734
car 0.0515214242041111 207.71795654296875 223.4107666015625 214.276123046875
