car 0.999309778213501 185.87879943847656 82.8597412109375 197.19227600097656 94.0906753540039
car 0.9991870522499084 203.5150146484375 107.25745391845703 214.81167602539062 118.46800231933594
car 0.9991424083709717 176.02613830566406 13.67761516571045 187.23670959472656 24.771038055419922
car 0.9986628293991089 52.901424407958984 29.86737823486328 64.07173919677734 40.89950942993164
car 0.9984425902366638 160.17495727539062 37.84975051879883 171.47059631347656 48.85424041748047
car 0.9982954859733582 152.16671752929688 25.36675453186035 163.3552703857422 36.447509765625
car 0.9981087446212769 193.78965759277344 95.4490966796875 205.01173400878906 106.53939056396484
car 0.99784255027771 210.0076904296875 118.49815368652344 221.15902709960938 129.61097717285156
car 0.9978048205375671 190.5859832763672 36.46062088012695 201.95176696777344 47.709327697753906
car 0.9961590766906738 164.29660034179688 50.06183624267578 175.64100646972656 61.262210845947266
car 0.9948469400405884 199.17713928222656 59.04092788696289 210.4128875732422 70.18061065673828
car 0.9817113876342773 130.2147216796875 214.95326232910156 141.36358642578125 223.94383239746094
car 0.9682633876800537 150.73756408691406 0.12952686846256256 161.72312927246094 7.239916801452637
car 0.9574093222618103 218.85911560058594 82.0654296875 223.7826690673828 92.88174438476562
car 0.9508734941482544 116.85071563720703 219.0699005126953 128.20156860351562 224.0
car 0.8435614705085754 221.1641082763672 82.56062316894531 224.0 92.70872497558594
car 0.8221475481987 159.58853149414062 0.24119457602500916 170.29592895507812 5.900085926055908
car 0.41753026843070984 115.34996032714844 221.27255249023438 125.92606353759766 224.0
car 0.28515779972076416 160.5517578125 0.12788903713226318 170.4919891357422 3.436145305633545
car 0.1388230174779892 154.91317749023438 0.06163932755589485 167.90184020996094 7.116035461425781
car 0.10734298825263977 222.47915649414062 82.96585083007812 223.9862823486328 91.11016845703125
car 0.10220323503017426 221.45755004882812 84.82695770263672 223.24057006835938 94.36909484863281
car 0.09713611751794815 160.99977111816406 0.45407962799072266 169.89808654785156 2.0954763889312744
car 0.09341009706258774 221.49578857421875 134.61288452148438 224.0 145.53761291503906
car 0.07766492664813995 221.25328063964844 80.7254409790039 223.27828979492188 90.46772766113281
car 0.06078101694583893 113.12074279785156 221.70486450195312 122.6598129272461 223.7647705078125
pool 0.0553210973739624 1.1233068704605103 48.145851135253906 43.809364318847656 90.55177307128906
