car 0.9990478157997131 200.69447326660156 172.26097106933594 211.83555603027344 183.42950439453125
car 0.8703441023826599 178.68992614746094 218.7734832763672 190.7631378173828 223.85313415527344
car 0.35327139496803284 177.89297485351562 221.4437255859375 187.9208526611328 223.76988220214844
car 0.33369120955467224 181.03001403808594 220.97384643554688 191.9655303955078 224.0
car 0.17438526451587677 180.23851013183594 222.84671020507812 189.24349975585938 223.90330505371094
car 0.12525522708892822 176.94166564941406 219.75448608398438 186.87155151367188 224.0
car 0.11693873256444931 179.30662536621094 223.18626403808594 187.266357421875 223.92539978027344
car 0.08024415373802185 176.97662353515625 223.91336059570312 181.96109008789062 223.99737548828125
car 0.07004939764738083 178.0685272216797 223.06533813476562 186.02830505371094 223.74366760253906
car 0.06522873044013977 179.3101043701172 222.43618774414062 187.27951049804688 223.75949096679688
car 0.05676467344164848 178.46827697753906 221.83538818359375 186.2744140625 223.26512145996094
