pool 0.9984571933746338 88.95260620117188 171.96998596191406 133.41885375976562
car 0.836651623249054 219.62387084960938 159.6484375 223.89004516601562
car 0.7524484992027283 221.5912628173828 159.38638305664062 223.80691528320312
car 0.26895713806152344 222.0023193359375 162.00619506835938 223.50978088378906
car 0.210593581199646 223.98362731933594 170.78175354003906 224.0
pool 0.17206916213035583 223.98345947265625 170.7433624267578 224.0
car 0.12492687255144119 222.9283447265625 161.54568481445312 223.90789794921875
car 0.09543323516845703 220.86965942382812 160.8253936767578 223.20350646972656
car 0.07096193730831146 222.58602905273438 162.70298767089844 223.31141662597656
pool 0.056204795837402344 216.90673828125 63.803611755371094 223.90345764160156
