car 0.9987724423408508 134.40826416015625 198.04840087890625 145.47048950195312 209.16575622558594
pool 0.9970999956130981 188.70411682128906 105.8797378540039 223.84347534179688 150.23451232910156
car 0.9888383150100708 87.0976333618164 103.29212951660156 98.31592559814453 114.3056411743164
pool 0.3006646931171417 218.013427734375 39.19789505004883 223.8831024169922 68.48329162597656
pool 0.17284877598285675 220.6123504638672 36.56045913696289 224.0 63.424617767333984
car 0.14101266860961914 199.0887908935547 0.0 208.16024780273438 2.739546298980713
car 0.11615303158760071 198.72314453125 0.0 207.0243377685547 1.233400583267212
pool 0.11235197633504868 221.7926788330078 42.47602844238281 223.9582977294922 64.89903259277344
pool 0.0861646831035614 221.73434448242188 38.955379486083984 223.55763244628906 57.14485168457031
car 0.07627730816602707 195.5989532470703 0.0 203.95896911621094 1.4716064929962158
car 0.06924609839916229 201.54119873046875 0.09356429427862167 209.0119171142578 1.217988133430481
car 0.056555286049842834 200.45323181152344 0.061785560101270676 205.39224243164062 0.8760645389556885
car 0.05485428869724274 200.55731201171875 0.0 205.3385772705078 0.23265331983566284
pool 0.05253193527460098 213.7658233642578 38.85990905761719 223.8055877685547 73.92411041259766
