car 0.9992489218711853 163.2628173828125 5.667784690856934 174.4953155517578
car 0.998507559299469 33.44757080078125 208.82569885253906 44.64756393432617
pool 0.9979153275489807 75.00847625732422 33.06678771972656 119.75929260253906
pool 0.997778594493866 11.935843467712402 19.81565284729004 55.48091506958008
pool 0.9971900582313538 44.85810470581055 0.050604093819856644 89.42662048339844
car 0.996971607208252 211.88873291015625 92.5739974975586 222.870361328125
car 0.5067735314369202 40.307884216308594 221.25674438476562 50.17497634887695
car 0.35324183106422424 41.58229446411133 221.8072509765625 50.129608154296875
car 0.2881844937801361 41.19014358520508 220.32119750976562 50.987483978271484
car 0.08500424027442932 9.093361854553223 150.947998046875 20.677539825439453
car 0.08321326225996017 37.45284652709961 219.6914520263672 48.06553649902344
car 0.07710952311754227 41.393306732177734 221.2290496826172 49.098270416259766
car 0.05582236126065254 42.286312103271484 222.631103515625 49.55107498168945
car 0.05142930522561073 40.0604362487793 220.01905822753906 50.0836296081543
