car 0.9961975812911987 193.1348419189453 2.0521371364593506 204.4429168701172
car 0.9586840271949768 179.2684783935547 0.028616810217499733 189.94146728515625
car 0.7209537029266357 181.47457885742188 0.0 190.5563201904297
car 0.6561947464942932 180.19100952148438 0.0 188.57569885253906
car 0.6171761155128479 178.846435546875 0.1583891361951828 187.85791015625
car 0.5578863024711609 180.70114135742188 0.0 188.7496337890625
car 0.5392128229141235 13.374052047729492 14.723023414611816 24.35188865661621
car 0.19673433899879456 179.2285919189453 0.4700855612754822 187.7350616455078
car 0.19652512669563293 177.65728759765625 0.05711318925023079 185.8566436767578
car 0.16936373710632324 177.60946655273438 0.0 186.3375244140625
car 0.09746195375919342 181.93186950683594 0.7847769856452942 191.04693603515625
car 0.05495033040642738 219.95542907714844 125.72691345214844 223.96487426757812
