pool 0.9985405206680298 24.036821365356445 143.53504943847656 68.05231475830078 187.4272003173828
pool 0.9985357522964478 108.83521270751953 142.84182739257812 153.74803161621094 187.06707763671875
car 0.668598473072052 218.73110961914062 48.08175277709961 224.0 59.47186279296875
car 0.4093465507030487 221.41397094726562 49.33900451660156 223.9952850341797 59.592960357666016
car 0.1496020257472992 220.9709014892578 46.04800796508789 224.0 55.363014221191406
car 0.13969725370407104 222.0567626953125 47.936431884765625 223.93531799316406 56.966251373291016
car 0.08026206493377686 220.1473846435547 52.7280158996582 224.0 61.70907974243164
car 0.0725921094417572 52.48849105834961 0.0 60.69727325439453 1.4388126134872437
car 0.06285903602838516 222.59715270996094 52.44247055053711 224.0 60.6473388671875
car 0.05539965629577637 222.46498107910156 46.91348648071289 223.7021484375 54.105220794677734
