car 0.9990212917327881 95.2425537109375 133.8444061279297 106.3961410522461 144.96078491210938
car 0.9989646673202515 114.91097259521484 120.76593780517578 126.16154479980469 131.90989685058594
car 0.9988871216773987 52.701866149902344 10.104073524475098 63.76240539550781 21.247804641723633
car 0.9988406300544739 188.59136962890625 140.185546875 199.67935180664062 151.24783325195312
car 0.9988059997558594 106.43142700195312 86.54966735839844 117.52152252197266 97.64364624023438
car 0.998795747756958 146.5117950439453 100.20435333251953 157.66928100585938 111.32096862792969
car 0.9987492561340332 136.05967712402344 107.47577667236328 147.1407928466797 118.58660888671875
car 0.9987051486968994 75.8694076538086 105.6652603149414 86.80321502685547 116.7667007446289
car 0.9986971020698547 197.3217010498047 172.37741088867188 208.53109741210938 183.52891540527344
car 0.998664379119873 4.825955390930176 40.53544616699219 15.873181343078613 51.676246643066406
car 0.9985864162445068 53.371158599853516 45.81039047241211 64.46747589111328 56.860172271728516
car 0.9985717535018921 2.358172655105591 81.57396697998047 13.591240882873535 92.74071502685547
car 0.9985156655311584 28.41405487060547 24.961894989013672 39.4879035949707 36.072383880615234
car 0.9985154271125793 83.91981506347656 141.61009216308594 95.01660919189453 152.6837921142578
car 0.9984936714172363 136.68202209472656 176.2801513671875 147.73875427246094 187.36947631835938
car 0.998337984085083 104.37322998046875 127.44110870361328 115.34333801269531 138.4728240966797
car 0.9981762170791626 117.4215316772461 79.16781616210938 128.48362731933594 90.30332946777344
car 0.9979965090751648 33.69831848144531 59.31864547729492 44.734649658203125 70.4067611694336
car 0.9978837370872498 202.75601196289062 63.30358123779297 213.88522338867188 74.26603698730469
car 0.9978122711181641 187.8630828857422 179.82972717285156 198.9962921142578 190.9416046142578
car 0.9976857900619507 67.17675018310547 214.82212829589844 78.19192504882812 224.0
car 0.997370719909668 166.62696838378906 156.82313537597656 177.72850036621094 167.81765747070312
car 0.9967984557151794 184.2456817626953 36.85248947143555 195.3982696533203 47.87763214111328
car 0.9956064820289612 208.02464294433594 165.42523193359375 219.218994140625 176.48947143554688
car 0.9942573308944702 11.099689483642578 73.64405059814453 22.340028762817383 84.62297821044922
car 0.9937000274658203 22.420915603637695 66.35188293457031 33.53312683105469 77.53424835205078
car 0.9930824041366577 215.41673278808594 16.7559757232666 224.0 27.642711639404297
car 0.9927967190742493 147.01133728027344 169.7088623046875 158.17770385742188 180.80430603027344
car 0.9876011610031128 156.9237823486328 162.99278259277344 167.91627502441406 174.0186309814453
car 0.9844410419464111 177.75729370117188 147.79359436035156 189.20558166503906 158.82420349121094
car 0.9425076842308044 166.54638671875 45.320838928222656 177.5655517578125 56.11363983154297
car 0.7415881156921387 41.21223831176758 193.5233612060547 52.460243225097656 205.215576171875
car 0.24860572814941406 0.04618149623274803 109.91339111328125 1.7706029415130615 117.64376068115234
car 0.20236779749393463 0.165558323264122 103.50810241699219 1.4472980499267578 110.97125244140625
car 0.13202354311943054 0.0 108.9918212890625 1.148646354675293 116.1160659790039
car 0.11964454501867294 0.016161685809493065 102.43694305419922 1.1183178424835205 109.31282043457031
car 0.10628951340913773 0.0 101.64801788330078 4.396794319152832 118.01297760009766
car 0.08983501046895981 0.1707763373851776 106.166015625 1.0797902345657349 112.7385482788086
car 0.06901666522026062 0.2758619785308838 106.74898529052734 1.463401198387146 114.01984405517578
