pool 0.996698260307312 0.6212115287780762 181.00038146972656 21.275672912597656
pool 0.3623148500919342 0.11845825612545013 118.83019256591797 6.197596549987793
pool 0.1465800702571869 0.0 130.2103271484375 4.0847296714782715
pool 0.12536171078681946 0.0 121.55894470214844 3.2897067070007324
pool 0.11053042858839035 0.043465614318847656 135.49539184570312 6.08760404586792
pool 0.10946763306856155 0.18822701275348663 116.35531616210938 11.147512435913086
pool 0.08335572481155396 0.0 135.42437744140625 2.5850887298583984
pool 0.07268853485584259 0.0 178.7632293701172 11.945204734802246
pool 0.06679873168468475 1.601142168045044 175.26931762695312 36.380470275878906
pool 0.05679502338171005 0.0 138.5548553466797 1.5789088010787964
pool 0.055288005620241165 0.0015081787714734674 138.01353454589844 0.8926819562911987
pool 0.05490393191576004 0.0 136.59571838378906 3.5953707695007324
