pool 0.9970697164535522 148.72189331054688 183.8095703125 192.74974060058594
pool 0.869247317314148 0.0 0.06943069398403168 24.11939239501953
pool 0.7959027290344238 0.12433181703090668 0.0 23.369844436645508
pool 0.44738292694091797 0.0 0.0 16.999923706054688
pool 0.4262644946575165 2.788010358810425 0.0 24.53123664855957
car 0.210593581199646 223.99560546875 162.87109375 224.0
pool 0.17754057049751282 0.0 0.0 9.442634582519531
pool 0.17206916213035583 223.9955596923828 162.8349609375 224.0
pool 0.13970236480236053 4.152698516845703 0.10996519774198532 24.881099700927734
pool 0.12227348238229752 0.0 0.04599517956376076 6.442836761474609
pool 0.07824473828077316 0.0 0.0 11.09601879119873
pool 0.06595603376626968 4.668156147003174 0.0 12.670881271362305
car 0.05300769954919815 215.0461883544922 108.95260620117188 223.55665588378906
