pool 0.9988425970077515 110.74968719482422 11.134796142578125 153.87326049804688 54.533973693847656
pool 0.9985582232475281 144.3700408935547 166.29296875 188.6492156982422 210.63006591796875
car 0.9981352090835571 12.083662033081055 19.912574768066406 23.150609970092773 31.041576385498047
car 0.9978258013725281 126.55763244628906 69.77320861816406 137.4398193359375 80.96183013916016
car 0.9971926808357239 4.349855899810791 85.0837173461914 15.468113899230957 96.09769439697266
pool 0.9522030353546143 214.4984130859375 59.610443115234375 223.94761657714844 97.1506576538086
pool 0.41419875621795654 218.67803955078125 66.43917083740234 224.0 98.44952392578125
pool 0.3127599060535431 218.0893096923828 57.40484619140625 224.0 86.46065521240234
car 0.22174623608589172 189.8545684814453 217.81593322753906 200.6387939453125 223.8949737548828
car 0.08559300005435944 189.48558044433594 221.4425811767578 199.7579345703125 223.96937561035156
car 0.07764764130115509 7.482326507568359 7.46852445602417 18.690107345581055 18.47072410583496
pool 0.057262059301137924 220.55935668945312 59.771446228027344 224.0 82.33100891113281
