car 0.9988619089126587 160.01290893554688 204.53775024414062 171.18820190429688 215.68893432617188
car 0.998572826385498 78.88587951660156 50.231990814208984 90.03556823730469 61.15009307861328
car 0.9984051585197449 86.0763168334961 58.84728240966797 97.13016510009766 70.07222747802734
car 0.9982694387435913 77.36246490478516 36.69221115112305 88.14891052246094 47.792449951171875
car 0.9898645281791687 96.0481948852539 72.99172973632812 107.16046905517578 84.08893585205078
car 0.9870506525039673 165.80812072753906 217.11460876464844 176.7032470703125 224.0
car 0.49685072898864746 216.5819854736328 217.27374267578125 223.89175415039062 223.9690399169922
car 0.2690845727920532 219.0521697998047 152.75057983398438 223.98931884765625 164.35430908203125
car 0.1228102594614029 220.93153381347656 151.36131286621094 223.87619018554688 162.66864013671875
car 0.09579212963581085 221.63442993164062 153.8821258544922 223.53810119628906 164.2140350341797
car 0.08388056606054306 220.53778076171875 217.30477905273438 224.0 223.96466064453125
car 0.06908687204122543 156.71969604492188 0.0 166.4186248779297 2.5902581214904785
car 0.0636594220995903 222.4771270751953 154.73361206054688 223.9938507080078 163.84092712402344
car 0.05890759080648422 222.03961181640625 150.33535766601562 224.0 160.72769165039062
