car 0.9981794357299805 0.0 165.39891052246094 8.579090118408203 176.4238739013672
car 0.9903691411018372 15.55783748626709 111.88693237304688 26.86807632446289 123.1766586303711
car 0.210593581199646 223.9932861328125 119.77169036865234 224.0 124.31983184814453
car 0.210593581199646 223.9893035888672 114.04558563232422 224.0 117.5277099609375
car 0.210593581199646 223.9837188720703 112.84980773925781 224.0 116.41831970214844
car 0.210593581199646 223.99124145507812 215.959228515625 224.0 220.6552734375
pool 0.17206916213035583 223.9891815185547 114.01260375976562 224.0 117.5626449584961
pool 0.17206916213035583 223.99319458007812 119.72860717773438 224.0 124.36544036865234
pool 0.17206916213035583 223.9911346435547 215.91476440429688 224.0 220.70237731933594
pool 0.17206916213035583 223.98355102539062 112.8160171508789 224.0 116.45411682128906
car 0.17080041766166687 0.0 165.8365478515625 4.451040744781494 176.07408142089844
car 0.11621738970279694 5.149569511413574 104.4940185546875 16.715057373046875 116.35122680664062
