car 0.9989815354347229 56.2409782409668 174.36634826660156 67.44178009033203 185.48670959472656
car 0.998958945274353 114.94530487060547 91.2819595336914 126.10002136230469 102.31881713867188
car 0.998793363571167 85.11908721923828 171.3109893798828 96.17559814453125 182.3544158935547
car 0.9987301230430603 107.90110778808594 82.45470428466797 118.98497772216797 93.3995132446289
car 0.998683750629425 40.16498947143555 98.05526733398438 51.15280532836914 109.2438735961914
car 0.998671293258667 38.37206268310547 143.36019897460938 49.465599060058594 154.50503540039062
car 0.9986178874969482 46.0074462890625 152.5420684814453 56.964717864990234 163.7790069580078
car 0.9985923171043396 60.04769515991211 129.01881408691406 71.15970611572266 140.22377014160156
car 0.9984956979751587 74.80517578125 149.46900939941406 85.86209869384766 160.5657501220703
car 0.9984416365623474 16.46715545654297 111.59979248046875 27.642906188964844 122.6451644897461
car 0.9983886480331421 65.88306427001953 139.49095153808594 76.98676300048828 150.6293182373047
car 0.9983046054840088 186.7121124267578 91.6928939819336 197.87728881835938 102.81401824951172
car 0.9982576966285706 80.94892120361328 160.22235107421875 92.00447845458984 171.5115509033203
car 0.9975975155830383 148.16856384277344 32.402435302734375 159.20603942871094 43.445011138916016
car 0.9975705742835999 47.97493362426758 107.55084228515625 59.1140251159668 118.69783020019531
car 0.9974510073661804 150.630126953125 207.69647216796875 161.85025024414062 218.7212677001953
car 0.9951626062393188 33.60504913330078 85.39959716796875 44.82577133178711 96.32626342773438
car 0.993834376335144 120.95767974853516 101.47145080566406 132.08197021484375 112.49066162109375
car 0.9931408762931824 155.2443084716797 153.20059204101562 166.5565185546875 164.80616760253906
car 0.9912869334220886 53.25187301635742 117.71782684326172 64.36083221435547 128.79896545410156
car 0.9590358734130859 0.022289695218205452 188.21197509765625 4.96250057220459 199.36866760253906
car 0.9551581740379333 146.49244689941406 142.43482971191406 157.9156036376953 153.59535217285156
car 0.9222071170806885 161.80152893066406 164.74526977539062 173.0471649169922 175.8795166015625
car 0.7776634097099304 129.84275817871094 221.20761108398438 139.61341857910156 224.0
car 0.6363319158554077 189.40220642089844 23.043495178222656 200.73963928222656 34.0303840637207
car 0.6068779826164246 0.0 189.310791015625 2.6150729656219482 199.3154296875
car 0.3473567068576813 13.695072174072266 101.84883117675781 24.81944465637207 112.99190521240234
car 0.30853819847106934 140.63047790527344 142.2063751220703 152.47715759277344 153.1221923828125
car 0.15609155595302582 154.7664794921875 219.6785888671875 164.61245727539062 223.92477416992188
car 0.12064550071954727 0.0 187.94129943847656 1.457813024520874 196.53271484375
car 0.06127312406897545 93.16365814208984 180.371337890625 104.09638977050781 190.9027099609375
car 0.059048689901828766 129.9468536376953 220.23922729492188 139.97103881835938 222.95565795898438
car 0.05842980369925499 164.59451293945312 161.4747772216797 175.614990234375 173.2012481689453
car 0.05109848454594612 132.35630798339844 223.5870819091797 140.0523223876953 223.9617919921875
