car 0.9991033673286438 180.57701110839844 18.169597625732422 191.84616088867188 29.230396270751953
car 0.9962218999862671 131.38128662109375 93.68118286132812 142.4141845703125 104.73501586914062
pool 0.9851165413856506 190.028076171875 210.89077758789062 224.0 223.85800170898438
pool 0.7892873287200928 186.33326721191406 216.10745239257812 219.27256774902344 224.0
pool 0.31290432810783386 181.37295532226562 219.45794677734375 212.68223571777344 224.0
pool 0.30491045117378235 193.9168701171875 219.1329345703125 222.10574340820312 223.89755249023438
pool 0.2687830328941345 190.2332763671875 220.85755920410156 216.00994873046875 223.6968994140625
car 0.210593581199646 223.9667205810547 122.3947982788086 224.0 125.51736450195312
car 0.210593581199646 210.7429656982422 223.98146057128906 216.01956176757812 224.0
car 0.210593581199646 223.98870849609375 121.22383880615234 224.0 124.16497039794922
pool 0.20552867650985718 215.80381774902344 126.01386260986328 223.88426208496094 166.1663818359375
pool 0.17206916213035583 223.98858642578125 121.19597625732422 224.0 124.19447326660156
pool 0.17206916213035583 210.68533325195312 223.98129272460938 216.0826873779297 224.0
pool 0.17206916213035583 223.9663543701172 122.36522674560547 224.0 125.54869079589844
pool 0.12574854493141174 218.1088409423828 132.73770141601562 223.81968688964844 160.52627563476562
pool 0.12141095101833344 182.47743225097656 221.05467224121094 206.09848022460938 224.0
car 0.11551056802272797 85.35691833496094 0.08019355684518814 96.09730529785156 4.621846675872803
pool 0.0766783058643341 220.75453186035156 134.7481689453125 223.91049194335938 163.82435607910156
car 0.07290284335613251 86.72525787353516 0.32471024990081787 96.56859588623047 2.2722082138061523
car 0.06136861816048622 98.01216888427734 89.33492279052734 109.32145690917969 100.46741485595703
pool 0.059928324073553085 208.3458709716797 210.3784942626953 224.0 223.24447631835938
car 0.052084922790527344 84.96511840820312 0.03772382810711861 94.09334564208984 1.6201990842819214
car 0.051383502781391144 221.99424743652344 115.47776794433594 222.16456604003906 119.46870422363281
