car 0.9990906715393066 123.29092407226562 147.5372314453125 134.40328979492188 158.72007751464844
pool 0.9979839324951172 116.30113983154297 25.563106536865234 161.42518615722656 69.14405822753906
car 0.997245192527771 202.5426483154297 151.93344116210938 213.6843719482422 163.06112670898438
car 0.9966578483581543 172.904296875 169.81546020507812 183.8956298828125 180.72096252441406
car 0.9374808669090271 39.4987678527832 208.59759521484375 50.59258270263672 219.86093139648438
car 0.4606401324272156 4.0354509353637695 220.8662567138672 13.348383903503418 223.9834442138672
car 0.31033599376678467 5.947863578796387 222.2352752685547 13.56930160522461 223.6998291015625
car 0.23306818306446075 1.6198630332946777 219.25018310546875 14.015645980834961 223.70657348632812
car 0.210593581199646 8.49078369140625 223.96241760253906 13.376686096191406 224.0
car 0.19313457608222961 6.3114800453186035 222.30413818359375 13.130001068115234 223.00930786132812
pool 0.17206916213035583 8.437420845031738 223.96206665039062 13.435144424438477 224.0
car 0.15986265242099762 6.784087181091309 222.80819702148438 13.33829402923584 223.95091247558594
car 0.1568276286125183 8.235547065734863 222.5660400390625 14.15720272064209 223.604248046875
car 0.12476302683353424 8.481634140014648 222.7901611328125 12.737317085266113 223.40159606933594
car 0.10387100279331207 8.631101608276367 223.20504760742188 13.197042465209961 223.48648071289062
car 0.08497799187898636 9.344636917114258 222.93612670898438 13.477862358093262 223.6494903564453
pool 0.084565669298172 1.6344000101089478 218.07162475585938 25.13221549987793 224.0
car 0.0830090194940567 7.689677715301514 222.56495666503906 12.104512214660645 223.18695068359375
car 0.06192938610911369 9.486170768737793 223.8842010498047 14.613999366760254 223.99435424804688
car 0.0597321055829525 7.658358097076416 223.89405822753906 12.567956924438477 223.99465942382812
car 0.05721027031540871 5.500766754150391 221.73207092285156 12.564388275146484 222.43203735351562
car 0.05706649273633957 6.520307540893555 223.40972900390625 11.946781158447266 223.707275390625
car 0.05619674548506737 9.257190704345703 223.3083038330078 14.065131187438965 223.6118927001953
pool 0.053624484688043594 7.512889862060547 223.89256286621094 12.71442699432373 223.99513244628906
pool 0.05156172439455986 9.334615707397461 223.88218688964844 14.766607284545898 223.99508666992188
