pool 0.9983456134796143 175.5500030517578 163.22869873046875 219.54959106445312 207.15733337402344
pool 0.47380784153938293 116.29866790771484 220.23306274414062 142.3788299560547 223.90467834472656
pool 0.4332257807254791 112.55036926269531 221.29991149902344 137.38108825683594 223.60023498535156
pool 0.3785962462425232 120.89266967773438 218.44573974609375 147.7882537841797 223.99476623535156
pool 0.3289167881011963 123.30766296386719 221.3479766845703 144.70384216308594 224.0
car 0.210593581199646 134.7150115966797 223.9613037109375 139.79531860351562 224.0
car 0.210593581199646 119.60511779785156 223.99530029296875 123.51692962646484 224.0
pool 0.18736140429973602 116.4298324584961 222.042236328125 135.78700256347656 223.97879028320312
pool 0.17206916213035583 134.65953063964844 223.9609375 139.85609436035156 224.0
pool 0.17206916213035583 119.56239318847656 223.99525451660156 123.5637435913086 224.0
pool 0.14279131591320038 115.3689193725586 217.12112426757812 139.3070068359375 224.0
car 0.12003415822982788 66.9447250366211 51.75337600708008 78.70173645019531 62.449710845947266
pool 0.09908650070428848 124.63352966308594 220.54759216308594 154.7393341064453 224.0
pool 0.07031331956386566 133.54087829589844 223.9208221435547 138.99620056152344 223.99725341796875
pool 0.06818943470716476 131.5821533203125 223.92759704589844 136.91378784179688 223.99722290039062
pool 0.06120925396680832 130.27377319335938 223.9487762451172 134.7009735107422 223.99803161621094
