car 0.9985841512680054 21.188539505004883 53.52815246582031 32.32871627807617
pool 0.9981253743171692 197.80612182617188 190.86546325683594 224.0
car 0.9979910850524902 24.717222213745117 2.4820029735565186 35.87407684326172
car 0.9974238872528076 171.812255859375 0.0 182.7989044189453
pool 0.9967257976531982 190.3892364501953 134.8183135986328 223.74891662597656
car 0.9938879609107971 36.003196716308594 0.0 46.94425964355469
car 0.9892478585243225 113.32645416259766 35.77184295654297 124.3344497680664
pool 0.21755950152873993 214.4282684326172 128.13919067382812 224.0
pool 0.20539343357086182 203.89881896972656 130.64805603027344 223.87510681152344
pool 0.06899730861186981 210.28195190429688 188.5224151611328 224.0
