car 0.9876904487609863 217.24652099609375 140.81565856933594 224.0
car 0.977728545665741 112.3848876953125 56.838897705078125 123.35089874267578
car 0.5616809725761414 52.89976119995117 186.7469482421875 63.7261962890625
car 0.4875372648239136 220.8233184814453 140.46710205078125 224.0
car 0.24326743185520172 218.56170654296875 53.01215362548828 223.72499084472656
car 0.14380350708961487 223.05279541015625 143.21047973632812 223.92526245117188
car 0.12427821010351181 222.00941467285156 140.7487030029297 223.8120880126953
car 0.07963712513446808 221.5489044189453 141.66757202148438 223.09214782714844
car 0.06938591599464417 221.843505859375 143.19102478027344 224.0
car 0.06616386026144028 106.73338317871094 55.13273620605469 118.29901885986328
