pool 0.9970422387123108 80.76094818115234 164.82537841796875 126.14753723144531 207.6837921142578
pool 0.9374392032623291 1.2801809310913086 212.70750427246094 38.22267532348633 223.92066955566406
pool 0.877490222454071 2.536585807800293 217.79116821289062 35.21968460083008 223.7294158935547
pool 0.33419933915138245 0.0 219.5945587158203 20.34543800354004 223.9952392578125
pool 0.31810322403907776 12.656962394714355 219.5855255126953 40.49471664428711 224.0
pool 0.3092910051345825 15.097817420959473 221.6521453857422 37.256866455078125 224.0
pool 0.2582043409347534 13.889223098754883 215.5345916748047 39.17509460449219 224.0
car 0.210593581199646 24.02714729309082 223.97715759277344 29.087745666503906 224.0
pool 0.17206916213035583 23.97187614440918 223.9769287109375 29.148292541503906 224.0
pool 0.09711690247058868 4.828158378601074 221.2595977783203 28.44101333618164 224.0
pool 0.05104604735970497 23.844154357910156 223.91693115234375 30.2967529296875 223.99656677246094
pool 0.05037416145205498 24.6053409576416 223.95452880859375 31.4908447265625 223.99827575683594
