car 0.9966121315956116 64.15120697021484 147.54527282714844 75.19302368164062 158.74493408203125
car 0.9884135127067566 1.8566282987594604 207.45614624023438 13.834750175476074 219.93630981445312
car 0.9610177874565125 87.6067886352539 143.71963500976562 98.74873352050781 155.11483764648438
pool 0.21651384234428406 99.6711196899414 220.76539611816406 126.12185668945312 224.0
car 0.210593581199646 107.7615966796875 223.9931640625 113.06163787841797 224.0
pool 0.17206916213035583 107.70370483398438 223.99310302734375 113.12505340576172 224.0
pool 0.16944070160388947 94.05430603027344 218.00975036621094 124.88459014892578 224.0
pool 0.12344840914011002 90.97265625 220.36859130859375 116.1427001953125 224.0
car 0.10029088705778122 1.4465826749801636 215.13397216796875 12.3746337890625 223.23480224609375
pool 0.07608197629451752 103.48272705078125 218.08322143554688 118.1576919555664 223.99404907226562
car 0.06454262137413025 20.80942726135254 223.92767333984375 25.00193214416504 223.996826171875
car 0.06429510563611984 21.734493255615234 223.9014892578125 25.804662704467773 223.99559020996094
car 0.060843173414468765 18.561622619628906 223.9531707763672 22.60866928100586 223.99781799316406
pool 0.060400109738111496 110.13482666015625 218.06491088867188 125.14189147949219 223.92245483398438
car 0.05139664188027382 13.79970932006836 221.83140563964844 23.030685424804688 223.7096405029297
