car 0.9979990124702454 144.48170471191406 108.24064636230469 155.44747924804688
car 0.9979990124702454 96.1302490234375 212.31011962890625 107.35130310058594
car 0.9947139620780945 15.738204002380371 47.39116287231445 26.802949905395508
pool 0.8498564958572388 149.11387634277344 0.0 196.99459838867188
pool 0.3950076997280121 155.369873046875 0.0 190.46990966796875
car 0.15397019684314728 0.09081289172172546 9.554485321044922 4.393514633178711
car 0.1376272439956665 20.99293327331543 0.00472647650167346 29.487167358398438
car 0.132266566157341 0.0 9.274592399597168 2.4438915252685547
car 0.1038532704114914 20.257749557495117 0.006535530090332031 30.083744049072266
car 0.06808922439813614 15.58287239074707 0.0 25.168590545654297
car 0.06293568015098572 21.298465728759766 0.0008693122654221952 26.397571563720703
car 0.05969792976975441 16.552513122558594 0.0 31.141544342041016
car 0.05729997903108597 15.41167163848877 0.0044103143736720085 23.868818283081055
car 0.05180805176496506 13.920870780944824 43.322418212890625 25.232999801635742
car 0.05037247762084007 17.850549697875977 0.13608816266059875 26.09335708618164
