car 0.9977916479110718 87.01981353759766 150.4632568359375 98.10198974609375
car 0.9976790547370911 104.6797866821289 140.33067321777344 115.6747817993164
car 0.9965052604675293 99.5455322265625 171.13742065429688 110.74874114990234
pool 0.9963386058807373 192.49923706054688 0.044066160917282104 224.0
car 0.9954700469970703 145.81849670410156 162.2631072998047 157.05978393554688
car 0.9941180944442749 97.26884460449219 144.7471466064453 108.2410888671875
car 0.9935415983200073 115.81551361083984 162.3053741455078 126.85693359375
car 0.3124390244483948 86.60624694824219 0.0 95.05162048339844
car 0.19573645293712616 88.3296127319336 0.15286430716514587 95.59142303466797
car 0.13907349109649658 87.10066223144531 0.0 94.34766387939453
pool 0.1008274033665657 189.7999725341797 0.01207450870424509 222.53024291992188
pool 0.09679131954908371 207.0733184814453 0.5189235210418701 224.0
car 0.09167414903640747 88.6017837524414 0.20782311260700226 93.25878143310547
car 0.08841559290885925 88.5451431274414 0.1413854956626892 93.05428314208984
car 0.07174680382013321 89.5064926147461 0.2651063799858093 94.0208969116211
car 0.06870674341917038 88.81964111328125 0.0 93.05782318115234
car 0.05342170223593712 85.67628479003906 0.2052207589149475 91.3895034790039
car 0.05341881141066551 89.8513412475586 0.0 93.96878051757812
