car 0.9991115927696228 57.21286392211914 124.06478881835938 68.46204376220703
car 0.9990979433059692 56.84608840942383 49.745338439941406 68.08948516845703
car 0.9990236759185791 57.5902214050293 8.565559387207031 68.59036254882812
car 0.9988387227058411 57.137611389160156 37.11091995239258 68.29732513427734
car 0.9988215565681458 56.66979217529297 73.70925903320312 67.81459045410156
car 0.9984720349311829 24.76889419555664 178.32437133789062 35.835182189941406
car 0.9979063272476196 58.07292556762695 110.67462921142578 69.38089752197266
car 0.9976843595504761 166.17398071289062 57.2109260559082 177.433837890625
car 0.9971539974212646 0.6319327354431152 119.6151351928711 11.160799980163574
car 0.9961259961128235 57.51306915283203 0.0 68.65090942382812
car 0.9934211373329163 1.8484513759613037 70.29786682128906 13.318971633911133
car 0.43180662393569946 2.2760062217712402 107.73417663574219 13.820162773132324
car 0.15391568839550018 135.84022521972656 66.04724884033203 146.8240509033203
car 0.14892955124378204 0.0 71.07569885253906 7.138930797576904
car 0.11538045853376389 184.18792724609375 216.1126251220703 194.94656372070312
car 0.058367617428302765 182.2318878173828 219.27146911621094 193.86129760742188
