car 0.9956242442131042 215.7560272216797 207.04432678222656 224.0 218.1432647705078
car 0.210593581199646 223.98062133789062 93.2385025024414 224.0 97.07642364501953
pool 0.17206916213035583 223.9804229736328 93.20215606689453 224.0 97.11490631103516
car 0.08181370049715042 127.79029083251953 0.0 134.01339721679688 0.7876396775245667
car 0.0787595883011818 220.41299438476562 206.96871948242188 223.8188018798828 218.5159149169922
car 0.07855650037527084 129.54345703125 0.0 133.12338256835938 0.44599077105522156
car 0.0774550661444664 129.37034606933594 0.0 133.08132934570312 0.07793469727039337
car 0.06762433052062988 128.57078552246094 0.08745630830526352 134.93826293945312 1.1529618501663208
car 0.06069156527519226 130.51943969726562 0.030831780284643173 134.015869140625 0.594300389289856
car 0.0604446679353714 126.20123291015625 0.0 132.0737762451172 0.38056284189224243
car 0.05680593103170395 125.95250701904297 0.0 138.7269744873047 3.2096052169799805
car 0.05405135080218315 123.19062042236328 0.0 132.86984252929688 0.9022185206413269
car 0.054001543670892715 128.36280822753906 0.0 132.10597229003906 0.17011240124702454
car 0.0516953244805336 127.94180297851562 0.0 132.0182342529297 0.07094606757164001
car 0.05024968832731247 130.77236938476562 0.0 134.29067993164062 0.03499913588166237
