pool 0.9983454942703247 13.547764778137207 111.70413208007812 57.71731948852539
car 0.9971640706062317 184.47190856933594 190.0798797607422 195.69932556152344
car 0.210593581199646 223.97158813476562 114.2113265991211 224.0
pool 0.17206916213035583 223.9712677001953 114.16726684570312 224.0
car 0.09422210603952408 222.97276306152344 129.35801696777344 223.94216918945312
car 0.0723448395729065 221.69895935058594 110.887939453125 223.6785125732422
car 0.06421306729316711 221.99021911621094 129.65646362304688 223.73194885253906
car 0.057788703590631485 219.37347412109375 130.00241088867188 223.7377471923828
pool 0.056468211114406586 221.9412384033203 106.47066497802734 223.6773681640625
pool 0.05369486287236214 218.87887573242188 101.19892120361328 224.0
pool 0.05024539679288864 218.83448791503906 113.92988586425781 223.54127502441406
