car 0.9992062449455261 0.057436294853687286 86.53052520751953 10.252481460571289
car 0.9991409778594971 37.917728424072266 115.23546600341797 48.96202087402344
car 0.9989985823631287 114.39070892333984 193.50070190429688 125.62881469726562
car 0.9988096952438354 164.66622924804688 122.074462890625 175.75425720214844
car 0.9987720847129822 129.02626037597656 56.299930572509766 140.14552307128906
car 0.9987390637397766 86.39411163330078 111.20487213134766 97.43787384033203
car 0.9987334609031677 49.08564758300781 121.3310775756836 60.26387405395508
car 0.9986922144889832 139.4302215576172 74.8362045288086 150.5684356689453
car 0.9986157417297363 116.75625610351562 152.51451110839844 127.82432556152344
car 0.9984685778617859 140.40419006347656 136.9536895751953 151.50901794433594
car 0.9984130859375 165.38287353515625 157.77967834472656 176.47357177734375
car 0.9983848333358765 101.17387390136719 213.4969940185547 112.14505767822266
car 0.9981752634048462 86.5845947265625 172.4967498779297 97.71147918701172
car 0.9981314539909363 153.9283447265625 34.61582946777344 164.9158477783203
car 0.9980974793434143 21.581443786621094 100.99899291992188 32.701847076416016
car 0.9978781938552856 145.69871520996094 171.3300323486328 156.72271728515625
car 0.997787356376648 138.81503295898438 15.919106483459473 149.92953491210938
car 0.9977219700813293 46.29084396362305 46.734619140625 57.38490676879883
car 0.9971491694450378 23.618078231811523 214.587646484375 34.678836822509766
car 0.9953961968421936 74.64630126953125 88.62676239013672 85.73262023925781
car 0.9947898387908936 123.0921401977539 185.68031311035156 134.32809448242188
car 0.9942821264266968 134.45835876464844 178.26255798339844 145.59873962402344
car 0.9924618601799011 164.5303192138672 56.54438781738281 175.669921875
car 0.9862761497497559 218.2974090576172 198.75363159179688 224.0
car 0.9805108904838562 187.5112762451172 217.67906188964844 198.66017150878906
car 0.8315139412879944 0.1548440009355545 76.2043228149414 2.7280688285827637
car 0.48113110661506653 0.0 77.79522705078125 1.6537953615188599
car 0.4687874913215637 189.23565673828125 221.31199645996094 199.20965576171875
car 0.3877109885215759 0.3307691812515259 25.43381118774414 2.404171943664551
car 0.36382797360420227 0.046096447855234146 25.844276428222656 1.4887019395828247
car 0.33997929096221924 0.762209415435791 24.453336715698242 3.3404226303100586
car 0.3333761692047119 220.63551330566406 199.31935119628906 223.69223022460938
car 0.2617064416408539 221.33132934570312 20.111234664916992 223.8769989013672
car 0.25880762934684753 0.0 21.992361068725586 4.20187520980835
car 0.20007966458797455 0.12690436840057373 75.63201141357422 1.5318572521209717
car 0.1303478330373764 0.0 71.68162536621094 4.278869152069092
car 0.06926405429840088 222.77552795410156 21.472888946533203 224.0
