car 0.9992138147354126 201.79568481445312 109.75410461425781 212.9058837890625 120.76335144042969
car 0.947526216506958 36.42951583862305 217.2444610595703 47.20146560668945 224.0
car 0.9386388659477234 172.70094299316406 219.8367156982422 183.82044982910156 223.44320678710938
car 0.7629216909408569 173.94737243652344 221.1808624267578 184.0330352783203 224.0
car 0.6325619220733643 174.39218139648438 223.09542846679688 184.2579803466797 223.975830078125
car 0.5954378843307495 119.83840942382812 207.78631591796875 130.98556518554688 219.53897094726562
car 0.39478328824043274 174.27549743652344 222.00242614746094 184.0106964111328 223.19129943847656
car 0.210593581199646 179.16317749023438 223.99717712402344 187.1461181640625 224.0
pool 0.17206916213035583 179.0760040283203 223.9971466064453 187.2416229248047 224.0
car 0.11521127820014954 176.24002075195312 223.95359802246094 185.68345642089844 223.9983367919922
car 0.10685349255800247 172.46987915039062 222.4491729736328 181.5241241455078 223.53163146972656
car 0.07886242866516113 171.36305236816406 221.61143493652344 180.08639526367188 223.58139038085938
car 0.06374041736125946 37.740699768066406 219.92581176757812 48.173057556152344 223.85165405273438
pool 0.06272336095571518 175.9656524658203 223.952880859375 185.92526245117188 223.99871826171875
car 0.05640347674489021 28.89126205444336 223.92987060546875 31.794200897216797 223.99647521972656
car 0.05308962240815163 25.074708938598633 223.94189453125 27.84723663330078 223.9969940185547
