pool 0.9980935454368591 49.4029541015625 73.4463882446289 93.17472839355469 116.97257995605469
car 0.996959924697876 180.6680145263672 99.5219497680664 191.70071411132812 110.77508544921875
pool 0.8849084377288818 85.83246612548828 212.6658477783203 123.08289337158203 223.77752685546875
pool 0.8170943856239319 90.75618743896484 217.39707946777344 124.09687042236328 224.0
pool 0.49126237630844116 89.89535522460938 219.68064880371094 116.66233825683594 223.89120483398438
pool 0.3285505175590515 97.20149230957031 221.26434326171875 120.38311767578125 223.88677978515625
pool 0.303267240524292 101.74348449707031 220.88043212890625 130.73768615722656 224.0
car 0.210593581199646 111.59406280517578 223.96176147460938 118.38107299804688 224.0
pool 0.1846880465745926 89.0727310180664 221.68826293945312 110.00154876708984 224.0
pool 0.17206916213035583 111.51993560791016 223.9613800048828 118.4622802734375 224.0
pool 0.16867244243621826 99.76080322265625 222.27137756347656 115.76762390136719 223.7932586669922
pool 0.11398939788341522 98.77305603027344 215.38095092773438 128.68247985839844 222.97320556640625
pool 0.08426661044359207 0.025566941127181053 137.7683563232422 9.409826278686523 182.43943786621094
pool 0.07982459664344788 107.47614288330078 217.72471618652344 123.45924377441406 223.92446899414062
pool 0.07647542655467987 0.010950985364615917 145.66665649414062 1.4567509889602661 166.9733428955078
pool 0.0652194544672966 93.8221435546875 223.90203857421875 98.60742950439453 223.99661254882812
pool 0.062440477311611176 102.17469787597656 223.93499755859375 107.10420989990234 223.99696350097656
pool 0.06206747144460678 91.80928802490234 223.89566040039062 96.4336166381836 223.99632263183594
pool 0.06127752736210823 103.07356262207031 223.893310546875 108.1918716430664 223.99461364746094
pool 0.05932343751192093 0.007465758360922337 142.63954162597656 0.6451343894004822 163.68626403808594
pool 0.05801771581172943 104.90029907226562 223.9430694580078 110.31095886230469 223.99717712402344
pool 0.05423866957426071 83.66976165771484 215.5290985107422 102.89375305175781 224.0
pool 0.05291816219687462 108.88977813720703 223.8946990966797 115.40721130371094 223.9952850341797
