car 0.9989646673202515 60.10053634643555 213.3209991455078 71.22753143310547 223.9944305419922
pool 0.9976876974105835 0.4956962466239929 0.0 19.448204040527344 38.083492279052734
car 0.7195426225662231 164.83534240722656 218.94464111328125 175.84426879882812 223.9447784423828
car 0.49595320224761963 165.82383728027344 221.8606414794922 174.3910369873047 223.62954711914062
car 0.17619363963603973 166.66786193847656 222.53367614746094 174.29212951660156 223.90835571289062
pool 0.11199359595775604 0.0 4.812713623046875 10.897944450378418 44.77266311645508
car 0.06204837188124657 166.53982543945312 222.052490234375 172.5904541015625 222.62493896484375
car 0.05570681393146515 161.76358032226562 220.5394744873047 172.26080322265625 224.0
car 0.05567099526524544 162.85914611816406 222.44729614257812 166.93077087402344 223.39459228515625
car 0.05530395358800888 167.9126739501953 223.3144989013672 174.0299835205078 223.67556762695312
car 0.053263258188962936 166.9761199951172 222.97927856445312 173.22560119628906 223.4719696044922
car 0.05116601660847664 161.810791015625 222.4539031982422 165.77557373046875 222.905517578125
