pool 0.9982700347900391 108.88957214355469 160.76644897460938 153.8094482421875 205.61251831054688
pool 0.9951497912406921 198.9075469970703 103.68899536132812 223.59471130371094 147.1637725830078
pool 0.9836613535881042 136.6282196044922 211.33184814453125 174.86041259765625 223.89968872070312
pool 0.7656300067901611 138.0308074951172 216.89317321777344 170.2413787841797 223.80905151367188
pool 0.21119993925094604 131.1089630126953 219.23516845703125 164.2405242919922 224.0
car 0.210593581199646 161.89202880859375 223.9640655517578 167.7340087890625 224.0
car 0.210593581199646 156.2823028564453 223.9935760498047 160.09938049316406 224.0
car 0.210593581199646 148.8583526611328 223.993408203125 152.79885864257812 224.0
pool 0.18151992559432983 137.62950134277344 220.80502319335938 162.44825744628906 223.7056121826172
pool 0.17206916213035583 156.2406005859375 223.9935302734375 160.14505004882812 224.0
pool 0.17206916213035583 161.82823181152344 223.96372985839844 167.80392456054688 224.0
pool 0.17206916213035583 148.81532287597656 223.9933319091797 152.8459930419922 224.0
pool 0.16804097592830658 144.1654052734375 221.55819702148438 167.791748046875 224.0
pool 0.15068839490413666 145.86343383789062 219.63796997070312 175.03579711914062 224.0
pool 0.1419932246208191 210.56365966796875 99.56879425048828 224.0 140.18980407714844
pool 0.06841760128736496 172.59767150878906 223.88821411132812 178.0873260498047 223.99673461914062
pool 0.05883828178048134 159.57066345214844 223.91578674316406 164.87039184570312 223.99691772460938
pool 0.056924376636743546 158.7935028076172 223.95811462402344 163.7692108154297 223.99838256835938
pool 0.050030723214149475 155.1115264892578 223.9344940185547 159.31398010253906 223.977294921875
