car 0.9990921020507812 57.268218994140625 12.140028953552246 68.49583435058594 23.2464542388916
car 0.99895179271698 21.416017532348633 207.1766357421875 32.663150787353516 218.26199340820312
car 0.9987348914146423 19.283466339111328 194.499267578125 30.4875545501709 205.5602264404297
car 0.9986446499824524 24.766544342041016 66.34126281738281 35.84363555908203 77.41009521484375
car 0.9977789521217346 58.29936599731445 0.1071917712688446 69.51958465576172 9.775969505310059
car 0.9976315498352051 20.9534854888916 153.30470275878906 32.26993179321289 164.4595184326172
car 0.9975619316101074 19.207101821899414 168.73106384277344 30.2214298248291 179.83485412597656
car 0.9964134097099304 0.0 131.18368530273438 7.079672336578369 142.23512268066406
car 0.9959099292755127 0.4973171353340149 7.576842784881592 10.904288291931152 18.75884437561035
car 0.9943660497665405 8.792683601379395 127.17633056640625 19.8767032623291 138.22494506835938
car 0.7505480051040649 21.394956588745117 218.50668334960938 32.09049606323242 224.0
car 0.3112650215625763 0.8202452063560486 0.09674146771430969 10.689778327941895 4.129071235656738
car 0.06853210926055908 3.2398293018341064 0.044724054634571075 11.34666919708252 1.845365285873413
car 0.050163134932518005 22.446544647216797 220.3513946533203 32.95865249633789 223.51971435546875
