car 0.9989582300186157 155.81646728515625 183.3328857421875 167.02886962890625 194.4131622314453
car 0.9986409544944763 165.31259155273438 175.6861572265625 176.26341247558594 186.73385620117188
car 0.9984992742538452 198.26783752441406 80.52952575683594 209.28675842285156 91.69905090332031
car 0.9977340698242188 175.14491271972656 167.72772216796875 186.2176513671875 178.79989624023438
car 0.9826157093048096 184.8147430419922 160.36558532714844 196.06906127929688 171.6183319091797
car 0.977502167224884 85.2068862915039 0.05678741633892059 96.46676635742188 4.951796054840088
car 0.685685932636261 84.75249481201172 0.0 95.05204772949219 1.6092478036880493
car 0.2423527091741562 86.50741577148438 0.0 95.75484466552734 0.9213461875915527
car 0.24016474187374115 135.55360412597656 196.2427215576172 146.63143920898438 207.62210083007812
car 0.210593581199646 223.97877502441406 101.67950439453125 224.0 106.26689910888672
pool 0.17206916213035583 223.97853088378906 101.63606262207031 224.0 106.31290435791016
car 0.1614677608013153 221.20767211914062 99.31590270996094 223.989013671875 109.8468017578125
pool 0.06442088633775711 209.3004913330078 0.0 224.0 3.590855836868286
car 0.06207631900906563 221.80511474609375 97.67399597167969 223.61398315429688 106.98272705078125
car 0.056762535125017166 86.85366821289062 0.22777824103832245 97.35035705566406 2.5154638290405273
car 0.055416908115148544 222.406494140625 100.64776611328125 224.0 111.09294128417969
car 0.05368319898843765 82.63764953613281 0.0 92.40048217773438 1.1752735376358032
