car 0.9990496039390564 144.9485321044922 188.14389038085938 155.92510986328125 199.2388458251953
car 0.9989410042762756 192.87335205078125 127.20433807373047 203.97145080566406 138.23965454101562
car 0.998924195766449 207.7602081298828 140.94305419921875 218.75289916992188 151.97645568847656
car 0.9988433122634888 139.381103515625 198.92628479003906 150.52789306640625 210.00045776367188
car 0.9987388253211975 98.80631256103516 200.005615234375 109.937255859375 211.1784210205078
car 0.9986664056777954 181.41651916503906 117.79351043701172 192.6095733642578 129.0107879638672
car 0.9984464049339294 115.7166976928711 181.57981872558594 126.78104400634766 192.81898498535156
car 0.9983464479446411 160.5879669189453 99.76435852050781 171.69369506835938 110.87967681884766
car 0.9982039928436279 171.76292419433594 106.29875183105469 182.8185577392578 117.54007720947266
car 0.9981864094734192 202.71624755859375 59.72824478149414 213.8168182373047 70.83284759521484
car 0.9979302883148193 123.22958374023438 171.7016143798828 134.32887268066406 182.82781982421875
car 0.9977976083755493 129.99876403808594 160.39199829101562 140.98345947265625 171.55360412597656
car 0.9962605834007263 148.41970825195312 92.93526458740234 159.60671997070312 104.1201400756836
car 0.9780272245407104 85.47547149658203 218.74717712402344 96.58344268798828 224.0
car 0.9681668281555176 204.6709747314453 218.48367309570312 216.0239715576172 224.0
car 0.8387529253959656 220.42437744140625 146.5293426513672 224.0 156.39599609375
car 0.7495158314704895 221.6475830078125 146.6661376953125 223.13723754882812 155.88815307617188
car 0.7417263388633728 85.48490905761719 221.01600646972656 95.63489532470703 223.66305541992188
pool 0.6382541656494141 0.0 114.93012237548828 29.296850204467773 159.55288696289062
car 0.5385194420814514 221.18789672851562 75.6120834350586 223.90036010742188 85.50922393798828
car 0.3503825068473816 221.22007751464844 145.34437561035156 224.0 152.52268981933594
car 0.3143020570278168 222.0302734375 148.135498046875 222.90719604492188 156.63851928710938
car 0.3018674850463867 218.76319885253906 75.17061614990234 223.52627563476562 85.6581802368164
car 0.23227468132972717 163.16552734375 175.1593475341797 173.8129425048828 185.7664337158203
car 0.2202422022819519 222.102294921875 77.54072570800781 223.6427764892578 86.04139709472656
car 0.20810337364673615 221.85629272460938 147.68756103515625 224.0 155.1764678955078
car 0.1926996409893036 194.2660369873047 218.31858825683594 204.05174255371094 224.0
car 0.1809813231229782 84.27274322509766 221.76531982421875 93.93602752685547 223.16021728515625
car 0.17417030036449432 195.6264190673828 221.93670654296875 203.92657470703125 223.96722412109375
car 0.12925933301448822 222.20579528808594 75.54456329345703 223.8629913330078 83.63125610351562
car 0.09861788153648376 218.7785186767578 146.02696228027344 223.1782989501953 156.01979064941406
car 0.08137547224760056 222.72010803222656 149.07901000976562 223.9325714111328 157.3122100830078
car 0.06916255503892899 197.1613006591797 138.8243408203125 208.58505249023438 149.89268493652344
car 0.05403794348239899 195.62826538085938 222.32473754882812 202.0096435546875 223.23001098632812
