car 0.9975577592849731 128.70545959472656 42.875885009765625 139.85484313964844 53.89726257324219
pool 0.9970122575759888 1.961952567100525 133.84226989746094 45.60073471069336 178.16061401367188
car 0.9956794381141663 215.625 52.670162200927734 224.0 63.470619201660156
car 0.6948404312133789 3.4913434982299805 0.0 13.99023723602295 3.981069564819336
car 0.48810771107673645 4.4198784828186035 0.015331459231674671 12.51537799835205 1.5384103059768677
pool 0.32684093713760376 39.349830627441406 219.27696228027344 69.5403823852539 224.0
pool 0.21658368408679962 48.089210510253906 217.7608642578125 77.46411895751953 224.0
pool 0.17976541817188263 48.399810791015625 220.60511779785156 72.17301177978516 224.0
car 0.11662843823432922 5.796805381774902 0.0028850126545876265 12.186260223388672 0.7688731551170349
pool 0.10899373888969421 37.39175033569336 220.98605346679688 62.22190856933594 224.0
car 0.08014652132987976 6.884564399719238 0.0 15.376140594482422 1.6174899339675903
pool 0.0746622309088707 37.698997497558594 213.54713439941406 74.58854675292969 223.9447021484375
car 0.06119886413216591 6.358880996704102 0.0 13.01484489440918 0.15758560597896576
car 0.05897226557135582 219.59901428222656 52.93318176269531 223.82492065429688 63.66408157348633
pool 0.05082147195935249 55.527103424072266 220.94857788085938 79.46867370605469 224.0
