car 0.9987634420394897 12.466888427734375 78.11589813232422 23.57591438293457 89.32447814941406
car 0.9981812238693237 25.995248794555664 73.59029388427734 37.19254684448242 84.64634704589844
car 0.9980954527854919 185.26927185058594 160.3140106201172 196.25274658203125 171.47276306152344
car 0.4981114864349365 160.41665649414062 191.55288696289062 171.9917449951172 202.1512908935547
car 0.10678128153085709 165.39878845214844 192.2078857421875 173.2501983642578 201.76876831054688
pool 0.09805212914943695 143.3094024658203 0.0013273335061967373 160.3101806640625 1.9344704151153564
pool 0.09756436198949814 152.86061096191406 0.04765596240758896 183.1611328125 4.33293342590332
pool 0.08489850908517838 160.15345764160156 0.0 183.19216918945312 2.6497690677642822
pool 0.06545276939868927 145.2707061767578 0.010831756517291069 166.6542510986328 3.4855077266693115
pool 0.05756739154458046 165.3318328857422 0.01893194206058979 186.77793884277344 3.8578741550445557
