pool 0.9981912970542908 174.761962890625 0.0 218.2325439453125 25.854198455810547
car 0.9900224804878235 0.0 68.412353515625 5.450325965881348 79.2657699584961
car 0.35072821378707886 35.75419616699219 0.2136382758617401 42.772850036621094 1.0652724504470825
car 0.32729384303092957 0.0 69.17401885986328 2.5102126598358154 78.98448181152344
car 0.3079388439655304 35.8156852722168 0.013663863763213158 40.8132438659668 0.684100329875946
car 0.2898579239845276 37.707828521728516 0.004804916214197874 44.23819351196289 0.592225193977356
car 0.28843072056770325 35.458492279052734 0.0 43.94941711425781 2.714914560317993
car 0.210593581199646 223.98887634277344 181.81390380859375 224.0 185.87673950195312
car 0.20900443196296692 110.68653869628906 218.71595764160156 121.16548156738281 224.0
pool 0.17206916213035583 223.98873901367188 181.77542114257812 224.0 185.91749572753906
car 0.16413739323616028 38.717079162597656 0.0 43.644893646240234 0.2135801613330841
car 0.1534751057624817 110.55270385742188 221.64016723632812 120.68573760986328 224.0
car 0.14401663839817047 38.66306686401367 0.026354992762207985 43.39866256713867 0.38298919796943665
car 0.14390508830547333 34.87575149536133 0.08722922950983047 39.70393753051758 1.1151516437530518
car 0.14310479164123535 35.75649642944336 0.24718770384788513 40.88339614868164 1.6060740947723389
car 0.1244768276810646 39.466278076171875 0.0 45.27996063232422 0.3186339735984802
car 0.12255934625864029 35.68437194824219 0.0 45.660953521728516 4.672562122344971
car 0.0777144506573677 38.779457092285156 0.3124162554740906 45.375186920166016 1.001978874206543
car 0.07418568432331085 40.80164337158203 0.0 45.84684753417969 0.14199522137641907
car 0.05931984260678291 42.30931091308594 0.0 46.06230545043945 0.47602805495262146
car 0.05787453055381775 42.721256256103516 0.0 45.948238372802734 0.09744250029325485
car 0.056863315403461456 27.76487159729004 0.04458045959472656 38.93484878540039 6.668772220611572
car 0.055696066468954086 42.2358512878418 0.0 45.80187225341797 0.24463747441768646
car 0.050614625215530396 40.99930191040039 0.22339536249637604 46.35181427001953 0.8032188415527344
