pool 0.9985508322715759 35.66792678833008 27.239376068115234 80.22215270996094
pool 0.9982865452766418 0.24379943311214447 167.05490112304688 41.96958541870117
pool 0.9980829954147339 83.22139739990234 0.0 127.52932739257812
pool 0.9957320094108582 169.64927673339844 195.8438720703125 213.8968963623047
pool 0.9943349361419678 130.2622528076172 115.88530731201172 174.29922485351562
pool 0.8806871771812439 82.15695190429688 213.1529083251953 122.58771514892578
pool 0.7906513214111328 83.98091125488281 218.01181030273438 119.85796356201172
pool 0.6035915017127991 83.11405181884766 220.31813049316406 114.3091049194336
pool 0.40102618932724 86.00251770019531 221.61666870117188 110.62122344970703
car 0.3563794195652008 220.5863037109375 68.23423767089844 223.96188354492188
pool 0.3167940080165863 96.74921417236328 217.64779663085938 133.08396911621094
pool 0.27163368463516235 174.3844757080078 209.30113220214844 213.0425567626953
car 0.210593581199646 223.97674560546875 66.32068634033203 224.0
car 0.210593581199646 90.9477310180664 223.97256469726562 95.36115264892578
pool 0.1769716441631317 98.47541046142578 220.5394744873047 130.1742706298828
pool 0.17206916213035583 90.89952850341797 223.97232055664062 95.41394805908203
pool 0.17206916213035583 223.97650146484375 66.28243255615234 224.0
pool 0.1314622014760971 74.651123046875 221.04794311523438 101.38488006591797
car 0.12009065598249435 221.8253936767578 68.00596618652344 223.53622436523438
car 0.1144111156463623 221.61294555664062 70.25914764404297 223.17173767089844
pool 0.09172261506319046 92.36274719238281 221.1762237548828 119.84738159179688
pool 0.08357123285531998 101.87418365478516 221.68849182128906 125.83467102050781
pool 0.06537267565727234 170.03895568847656 216.8710174560547 211.68499755859375
pool 0.05681851878762245 105.45256805419922 217.30043029785156 123.81946563720703
pool 0.05239361152052879 97.22228240966797 223.9282989501953 101.41381072998047
