car 0.9983583092689514 18.362747192382812 178.9306182861328 29.490917205810547
car 0.9960415363311768 74.05590057373047 97.15620422363281 85.19967651367188
pool 0.9955400824546814 152.5414581298828 0.2655174136161804 196.20948791503906
pool 0.9900774955749512 210.09649658203125 145.04969787597656 223.81396484375
car 0.912304699420929 58.6274528503418 166.24639892578125 69.21965026855469
car 0.5576285719871521 84.45142364501953 87.76138305664062 95.77371215820312
pool 0.43633177876472473 216.7609100341797 147.86093139648438 224.0
pool 0.2605189383029938 153.2792510986328 0.19054508209228516 189.19134521484375
car 0.15445426106452942 57.150108337402344 163.71072387695312 67.92549896240234
car 0.10099830478429794 60.83977508544922 0.13340482115745544 66.3769760131836
car 0.08597099035978317 61.57402801513672 0.27830836176872253 67.15502166748047
car 0.07125881314277649 61.0977668762207 0.2279588282108307 67.92888641357422
pool 0.0702216625213623 159.7903594970703 0.0 200.832275390625
car 0.05660858005285263 59.841915130615234 0.38075169920921326 65.59053802490234
car 0.052294280380010605 87.18502807617188 85.7771987915039 97.85460662841797
car 0.052072249352931976 58.41244125366211 0.22059763967990875 66.86943817138672
pool 0.05150870978832245 53.98433303833008 0.20060700178146362 90.94218444824219
