car 0.9988425374031067 38.11068344116211 93.92525482177734 49.310691833496094 105.09197998046875
car 0.9987200498580933 39.66999816894531 35.14381408691406 50.713531494140625 46.272682189941406
car 0.9982411861419678 83.16870880126953 159.05490112304688 94.22754669189453 170.2473907470703
car 0.9971388578414917 144.66026306152344 50.966697692871094 155.7143096923828 62.151676177978516
pool 0.23845751583576202 217.87582397460938 0.01293540932238102 224.0 9.234230041503906
pool 0.23228870332241058 213.02932739257812 0.22128356993198395 224.0 12.568347930908203
pool 0.1351413130760193 221.24734497070312 0.0 223.9961700439453 7.579468250274658
pool 0.11188480257987976 219.24490356445312 0.0 223.99830627441406 3.730123281478882
pool 0.10284092277288437 0.006153678987175226 199.1097412109375 5.5010199546813965 224.0
pool 0.09892037510871887 221.83639526367188 0.0 223.69712829589844 5.358867645263672
pool 0.09351848810911179 209.1593780517578 0.0 222.9208526611328 4.738376140594482
pool 0.08626925945281982 0.0 217.46066284179688 6.0008134841918945 224.0
pool 0.07800909876823425 221.23483276367188 0.0 223.4619140625 2.5957930088043213
pool 0.05807625502347946 219.0416259765625 0.0 223.10650634765625 2.0820088386535645
pool 0.05802328884601593 0.0001909255952341482 198.7398223876953 2.5401697158813477 216.1110076904297
pool 0.056590527296066284 0.0 209.1980743408203 13.909038543701172 223.94398498535156
pool 0.05165666341781616 0.0 210.36476135253906 6.622493743896484 224.0
