pool 0.9980741739273071 151.5880584716797 116.04486083984375 194.6696014404297
pool 0.9954002499580383 58.55101776123047 194.13494873046875 103.63288116455078
pool 0.9548197388648987 212.87725830078125 102.34649658203125 223.4464111328125
pool 0.5723328590393066 218.53282165527344 107.64423370361328 224.0
pool 0.249094158411026 220.45779418945312 96.00402069091797 224.0
pool 0.24070046842098236 220.57260131835938 103.24250030517578 224.0
car 0.210593581199646 53.88376235961914 223.98829650878906 58.09867858886719
pool 0.17206916213035583 53.83772659301758 223.9882049560547 58.14910888671875
pool 0.15331420302391052 218.68118286132812 94.74481201171875 223.6602020263672
pool 0.15302327275276184 56.78575897216797 214.60914611816406 96.17996978759766
pool 0.10646204650402069 220.04676818847656 115.90176391601562 223.61204528808594
pool 0.07462102919816971 214.55685424804688 114.37687683105469 224.0
pool 0.053494300693273544 48.74270248413086 223.88438415527344 52.942020416259766
car 0.05044016242027283 51.352806091308594 223.90818786621094 55.330074310302734
