car 0.9980912804603577 39.07337188720703 165.276123046875 50.190879821777344
car 0.969005286693573 0.21370021998882294 88.1512222290039 3.897956609725952
car 0.7847533822059631 0.0 88.9845962524414 2.469541549682617
car 0.5741204023361206 209.39698791503906 143.50302124023438 220.2653350830078
car 0.5373192429542542 0.21837235987186432 89.87349700927734 1.3546289205551147
car 0.2583816945552826 212.1720733642578 142.40121459960938 222.71377563476562
car 0.17712068557739258 0.0026580048725008965 133.73495483398438 2.9674057960510254
car 0.15047892928123474 0.0 91.89202880859375 0.10275477170944214
car 0.14740778505802155 0.01696731150150299 90.44481658935547 0.8931910991668701
car 0.14266537129878998 0.0 91.983642578125 0.3661215901374817
car 0.14121270179748535 0.0 132.62442016601562 1.9980396032333374
car 0.06516572833061218 0.0 93.42933654785156 0.9941211342811584
car 0.06516101211309433 219.23443603515625 71.69678497314453 223.74703979492188
car 0.05979843810200691 0.14422936737537384 143.9634552001953 1.0868555307388306
car 0.058500271290540695 221.34622192382812 71.1615982055664 223.99928283691406
car 0.0575956292450428 206.90028381347656 145.07667541503906 217.7398223876953
car 0.05101880803704262 0.0 133.98666381835938 3.2927329540252686
