car 0.9991006851196289 190.17079162597656 35.83125686645508 201.2100830078125 46.95210647583008
pool 0.9974271655082703 133.79635620117188 189.40673828125 178.6012725830078 223.7497100830078
car 0.6991549134254456 0.0 148.04074096679688 3.044834613800049 157.21983337402344
car 0.44276827573776245 0.016249369829893112 148.90785217285156 1.489037275314331 156.38677978515625
pool 0.3905889391899109 0.14256347715854645 216.23916625976562 31.611347198486328 224.0
pool 0.24255849421024323 0.4540739357471466 209.9403533935547 33.44084930419922 223.6839141845703
pool 0.2371882051229477 7.571006774902344 219.59823608398438 35.970272064208984 224.0
car 0.2362968623638153 20.84567642211914 0.26159876585006714 32.68826675415039 8.17393970489502
car 0.20815196633338928 0.0 147.85226440429688 0.8994408845901489 154.60211181640625
car 0.13246211409568787 0.002354176016524434 149.13877868652344 0.4362422823905945 154.38450622558594
pool 0.12444204837083817 2.7821743488311768 220.842041015625 28.523351669311523 224.0
car 0.10878901928663254 0.5621291399002075 148.5076446533203 1.5837786197662354 155.08331298828125
car 0.07217729836702347 0.08182139694690704 149.62998962402344 0.7067870497703552 155.115966796875
car 0.06111032888293266 0.22813673317432404 148.777099609375 0.7091743350028992 153.31346130371094
