car 0.5826832056045532 0.0 96.74166107177734 2.2121148109436035
car 0.23527346551418304 0.10827110707759857 97.08975982666016 1.4511175155639648
car 0.2322128415107727 218.9502410888672 166.922607421875 223.8949432373047
car 0.210593581199646 223.9642333984375 170.79566955566406 224.0
car 0.210593581199646 223.99046325683594 171.04898071289062 224.0
car 0.17829230427742004 0.0903722271323204 99.52792358398438 0.7798677682876587
car 0.17269885540008545 0.0 99.19683837890625 0.05409935861825943
pool 0.17206916213035583 223.9903564453125 171.0032958984375 224.0
pool 0.17206916213035583 223.96385192871094 170.7469024658203 224.0
car 0.15586858987808228 0.033391017466783524 99.73291778564453 0.45509323477745056
car 0.1480083465576172 0.00046593189472332597 99.7242202758789 0.1951403021812439
car 0.1430957019329071 221.95794677734375 166.03677368164062 223.55722045898438
car 0.1158723533153534 1.5866049579926766e-05 99.90602111816406 0.00845208391547203
car 0.10561983287334442 0.26194116473197937 99.89013671875 0.6586527824401855
car 0.07103902101516724 156.34446716308594 0.0 159.84121704101562
car 0.06865296512842178 156.12814331054688 0.012870988808572292 159.13815307617188
car 0.06836321204900742 0.059483956545591354 101.20035552978516 0.37108471989631653
car 0.05737071856856346 146.34934997558594 0.0036043424624949694 149.3394012451172
car 0.05736678093671799 146.38922119140625 0.000309903611196205 149.44232177734375
car 0.05706765130162239 146.24720764160156 0.0015571159310638905 149.62432861328125
car 0.054941270500421524 146.30780029296875 0.00494447210803628 150.32058715820312
car 0.054722681641578674 146.47503662109375 0.091502845287323 149.34646606445312
car 0.05465884879231453 147.29066467285156 0.0026132857892662287 150.41783142089844
car 0.05157962441444397 146.44192504882812 0.1267462968826294 149.49855041503906
car 0.05096549540758133 0.38970017433166504 99.10309600830078 0.8099523782730103
car 0.050607096403837204 157.4301300048828 0.0 160.3971710205078
