pool 0.997255265712738 175.81350708007812 49.357261657714844 218.46192932128906 93.6212387084961
car 0.9958622455596924 138.4390411376953 128.94032287597656 149.4386749267578 140.0125732421875
pool 0.9413748383522034 197.2617950439453 0.22841644287109375 224.0 8.96592903137207
pool 0.452599436044693 199.7966766357422 0.0 224.0 18.051937103271484
pool 0.4390750229358673 194.99285888671875 0.07786373049020767 220.00657653808594 5.473797798156738
pool 0.21890570223331451 213.011962890625 0.25976988673210144 224.0 8.745150566101074
pool 0.20167438685894012 200.7909393310547 0.0 220.99554443359375 3.105426549911499
car 0.1386173516511917 178.364990234375 112.68203735351562 189.23118591308594 123.83946990966797
pool 0.0628523975610733 209.673828125 0.0 224.0 27.94942283630371
pool 0.0617009662091732 195.61424255371094 0.0 217.8278350830078 2.013319969177246
pool 0.05015529319643974 218.27398681640625 0.6566729545593262 223.68154907226562 9.027165412902832
