pool 0.9985522627830505 137.34336853027344 29.059741973876953 181.51724243164062
pool 0.9978140592575073 150.63157653808594 93.20095825195312 195.8431396484375
car 0.9977341890335083 5.649669647216797 213.5538787841797 16.907785415649414
pool 0.9977052807807922 0.0 12.4588041305542 30.40633773803711
car 0.528071939945221 199.36962890625 220.47921752929688 209.34271240234375
car 0.1989191621541977 198.90081787109375 221.9499053955078 208.1388702392578
car 0.14713667333126068 201.31553649902344 221.42074584960938 210.45217895507812
car 0.06396735459566116 205.14105224609375 223.91302490234375 209.87794494628906
car 0.05930384621024132 200.31149291992188 218.41754150390625 211.2131805419922
pool 0.052074335515499115 129.3650360107422 215.0902099609375 168.59669494628906
