car 0.9990805387496948 84.15634155273438 29.004779815673828 95.27979278564453
car 0.998950183391571 102.1644287109375 14.178930282592773 113.28289031982422
car 0.9989296793937683 9.478347778320312 79.32707977294922 20.712581634521484
car 0.998786985874176 179.6428985595703 43.8399772644043 190.76760864257812
car 0.9987854361534119 190.74790954589844 36.32868957519531 201.88748168945312
car 0.9987015724182129 123.87859344482422 3.6627347469329834 135.00344848632812
car 0.9985622763633728 98.02015686035156 96.35222625732422 108.97379302978516
car 0.9985594153404236 67.25584411621094 116.0091781616211 78.27254486083984
car 0.9985551238059998 117.34069061279297 81.86695098876953 128.4711151123047
car 0.998439610004425 126.96906280517578 74.0823745727539 138.10218811035156
car 0.9980506896972656 52.942298889160156 48.67093276977539 64.03627014160156
car 0.998050332069397 57.78983688354492 122.40074157714844 68.81078338623047
car 0.9977244734764099 113.1512222290039 8.651304244995117 124.08566284179688
car 0.9976997971534729 170.56080627441406 50.711727142333984 181.51943969726562
car 0.9962430000305176 215.0314483642578 16.225252151489258 224.0
car 0.9959046244621277 133.5766143798828 0.0 144.73190307617188
car 0.9957718253135681 86.69083404541016 101.00430297851562 97.75353240966797
car 0.994248628616333 106.26036071777344 87.60063934326172 117.3336410522461
car 0.9803772568702698 42.518646240234375 54.956268310546875 53.697086334228516
car 0.1597227156162262 156.1864471435547 0.07980107516050339 160.1652374267578
car 0.14136874675750732 156.3805694580078 0.0013653809437528253 160.63525390625
car 0.12359761446714401 157.10513305664062 0.0023242353927344084 160.7294158935547
car 0.11142969876527786 155.21255493164062 0.18107378482818604 160.09239196777344
car 0.09329331666231155 156.79962158203125 0.28399255871772766 160.42759704589844
car 0.08558196574449539 154.58079528808594 0.1041950061917305 159.6468505859375
car 0.06883426010608673 157.52076721191406 0.03419530764222145 161.65328979492188
car 0.0678698942065239 157.61441040039062 0.15099209547042847 161.30470275878906
