car 0.9983612895011902 18.370317459106445 66.92461395263672 29.518497467041016
pool 0.9883176684379578 210.04196166992188 33.30485153198242 223.80108642578125
car 0.9076858162879944 58.4903450012207 53.89195251464844 69.30836486816406
car 0.4342981278896332 150.0541534423828 0.0 160.60693359375
pool 0.43236011266708374 216.07696533203125 34.24982452392578 224.0
pool 0.32349127531051636 176.2896728515625 0.10718829929828644 209.26394653320312
car 0.18043383955955505 158.94485473632812 0.004521064925938845 163.24893188476562
pool 0.1773144006729126 183.08970642089844 0.0 209.8539276123047
car 0.1498359888792038 157.61048889160156 0.12628251314163208 162.45880126953125
car 0.13383843004703522 158.76356506347656 0.23330220580101013 164.0162353515625
car 0.1328609734773636 160.16017150878906 0.12251310050487518 163.76780700683594
car 0.11981482803821564 56.93553161621094 51.485015869140625 67.4321517944336
car 0.1085934117436409 157.4483184814453 0.2609516382217407 162.85134887695312
car 0.08792339265346527 158.9993133544922 0.34696415066719055 163.2000274658203
pool 0.0822761207818985 180.53297424316406 0.12716586887836456 195.25347900390625
car 0.0792456567287445 161.14024353027344 0.002860279055312276 164.6205596923828
pool 0.07251716405153275 170.59336853027344 0.0 199.5772705078125
pool 0.07133416831493378 187.2063751220703 0.01599128730595112 205.13748168945312
pool 0.06109176576137543 173.44068908691406 0.004449300933629274 194.62796020507812
