car 0.9982346296310425 111.13954162597656 134.4669952392578 122.33662414550781
pool 0.5916844606399536 164.98777770996094 217.65948486328125 195.45944213867188
pool 0.2715635597705841 163.9559783935547 220.3699493408203 188.70077514648438
car 0.210593581199646 223.9945831298828 80.05240631103516 224.0
car 0.210593581199646 179.75038146972656 223.98287963867188 184.51773071289062
pool 0.19304002821445465 167.3909149169922 221.7875518798828 186.44390869140625
pool 0.17206916213035583 223.99453735351562 80.01798248291016 224.0
pool 0.17206916213035583 179.69830322265625 223.98272705078125 184.5747528076172
pool 0.1318022608757019 172.5615997314453 221.28897094726562 195.1309356689453
pool 0.09254508465528488 170.15374755859375 214.81076049804688 202.3716278076172
pool 0.06718600541353226 170.7003631591797 218.2275848388672 187.3271026611328
pool 0.06709357351064682 181.03294372558594 221.8124542236328 199.40277099609375
car 0.05838903784751892 100.89630126953125 90.56343841552734 112.19475555419922
pool 0.058146409690380096 171.45266723632812 223.95376586914062 176.99790954589844
pool 0.054523441940546036 176.27023315429688 223.89634704589844 180.97897338867188
pool 0.051462139934301376 177.793212890625 223.94920349121094 183.17251586914062
pool 0.05109648033976555 178.0450897216797 223.89010620117188 183.11776733398438
pool 0.050095442682504654 184.5655975341797 223.92222595214844 189.74136352539062
