car 0.9982555508613586 98.56749725341797 91.57173156738281 109.76982116699219 102.48074340820312
car 0.210593581199646 150.45008850097656 223.9696044921875 154.65943908691406 224.0
car 0.210593581199646 223.9955596923828 99.98027801513672 224.0 105.10047912597656
car 0.210593581199646 223.98757934570312 97.67218780517578 224.0 102.43151092529297
pool 0.20438632369041443 142.4405517578125 221.49147033691406 164.80931091308594 224.0
pool 0.17206916213035583 223.99551391601562 99.93179321289062 224.0 105.1518325805664
pool 0.17206916213035583 223.98744201660156 97.62711334228516 224.0 102.479248046875
pool 0.17206916213035583 150.4041290283203 223.9692840576172 154.70980834960938 224.0
car 0.14912155270576477 95.97850036621094 23.17811393737793 107.92406463623047 34.89445495605469
pool 0.14190030097961426 131.7185516357422 220.5664520263672 161.0966033935547 224.0
pool 0.06565499305725098 129.49693298339844 218.06292724609375 163.73158264160156 224.0
pool 0.06154315173625946 151.2647247314453 223.89340209960938 156.03599548339844 223.9964141845703
pool 0.05698614567518234 146.89244079589844 220.8631134033203 173.26791381835938 224.0
