car 0.9989307522773743 12.060076713562012 38.17292785644531 23.095937728881836
car 0.9988586902618408 65.31307983398438 4.438406467437744 76.4558334350586
car 0.9982548356056213 193.2158660888672 142.23231506347656 204.3663330078125
car 0.9948291182518005 79.2074966430664 0.11367923766374588 90.0340347290039
car 0.993851900100708 23.462596893310547 31.553659439086914 34.69229507446289
pool 0.8995832800865173 0.17551322281360626 103.60649108886719 10.893810272216797
pool 0.6391562819480896 0.0 112.9246826171875 6.568533420562744
car 0.6005220413208008 0.0 53.615211486816406 2.181328058242798
pool 0.5843462347984314 0.0 109.37093353271484 7.644876956939697
car 0.5052618980407715 0.0 52.81711959838867 4.034319877624512
pool 0.41737768054008484 0.0 112.29776000976562 3.4104933738708496
pool 0.34572792053222656 0.0 120.00110626220703 3.3691985607147217
car 0.3261992037296295 0.010459985584020615 54.25102996826172 1.263883113861084
pool 0.3142514228820801 0.0 115.83009338378906 2.144178628921509
pool 0.2873886525630951 0.0 102.8657455444336 4.659051418304443
car 0.16999055445194244 0.0 52.95021438598633 1.669806718826294
pool 0.13515275716781616 0.0 119.92192840576172 0.6200048923492432
car 0.1311354786157608 0.18576182425022125 55.849342346191406 0.9071269035339355
car 0.11581861227750778 0.4464981257915497 55.157875061035156 1.5449731349945068
car 0.0743669718503952 90.51331329345703 0.23312823474407196 97.92569732666016
pool 0.07108300924301147 0.2943250238895416 123.4512710571289 10.509446144104004
car 0.05419677123427391 0.6377021074295044 53.819942474365234 2.778472423553467
car 0.0525817908346653 0.0 57.23503875732422 0.6743688583374023
