car 0.998658299446106 114.1872787475586 57.57275390625 125.28053283691406 68.7435531616211
car 0.9976795315742493 39.83809280395508 99.76551055908203 50.86310958862305 110.86309051513672
car 0.9976098537445068 34.64810562133789 39.062747955322266 45.7878303527832 50.16706085205078
pool 0.9947804808616638 60.58174514770508 197.8945770263672 102.70831298828125 223.91714477539062
car 0.9938388466835022 54.18680191040039 98.5942153930664 65.01774597167969 109.3888931274414
pool 0.8752066493034363 169.2515411376953 210.1941680908203 210.7866668701172 223.87254333496094
pool 0.6149934530258179 175.44114685058594 216.35992431640625 207.9950714111328 224.0
pool 0.2672865688800812 176.70361328125 221.00205993652344 196.17434692382812 223.15708923339844
pool 0.2631014287471771 171.6948699951172 219.9008331298828 202.2851104736328 223.6529083251953
car 0.210593581199646 184.95008850097656 223.98251342773438 189.27090454101562 224.0
car 0.210593581199646 186.1597900390625 223.9863739013672 190.80258178710938 224.0
pool 0.19768206775188446 178.2002410888672 221.5765380859375 196.52801513671875 223.9593048095703
pool 0.17206916213035583 184.9028778076172 223.9823455810547 189.3225860595703 224.0
pool 0.17206916213035583 186.1090850830078 223.98623657226562 190.85813903808594 224.0
pool 0.12641587853431702 178.84486389160156 217.45437622070312 197.16989135742188 224.0
pool 0.1262933760881424 167.83966064453125 221.01824951171875 194.43453979492188 224.0
pool 0.07226988673210144 181.720947265625 220.14007568359375 208.52171325683594 224.0
car 0.06554096937179565 4.695592880249023 0.0 12.38172435760498 1.491560697555542
