car 0.9995418787002563 158.30711364746094 205.71099853515625 169.47341918945312 216.8227081298828
car 0.9984816908836365 214.4146270751953 186.0122528076172 224.0 197.0234375
car 0.9984338879585266 206.5410919189453 169.01841735839844 217.57582092285156 180.02174377441406
car 0.9980146884918213 214.89002990722656 199.92843627929688 224.0 211.02276611328125
pool 0.997616171836853 119.57279968261719 3.5836846828460693 163.44764709472656 47.341922760009766
pool 0.9971461892127991 9.214068412780762 137.9666290283203 53.863101959228516 182.46426391601562
car 0.9948573112487793 213.478759765625 216.39447021484375 223.55157470703125 223.9508514404297
car 0.9587075710296631 28.610733032226562 215.3563690185547 40.012596130371094 223.9256591796875
car 0.5147166848182678 218.4866943359375 215.59768676757812 224.0 223.7384033203125
car 0.4016299247741699 47.231048583984375 20.17670249938965 58.51293182373047 31.724977493286133
car 0.14122577011585236 218.73922729492188 199.23568725585938 223.39022827148438 210.8603057861328
