car 0.9981517195701599 25.248210906982422 16.03521156311035 36.52737045288086 27.021833419799805
car 0.9737718105316162 163.89532470703125 186.37533569335938 175.11111450195312 197.6741180419922
car 0.8223458528518677 218.6834716796875 53.928741455078125 223.8903350830078 64.14689636230469
car 0.6457546949386597 221.59341430664062 53.52779769897461 223.71234130859375 62.42388153076172
car 0.30140653252601624 222.55862426757812 53.711280822753906 224.0 61.484947204589844
car 0.09284170717000961 222.73146057128906 55.96157455444336 224.0 64.25575256347656
car 0.07274870574474335 220.29812622070312 56.36393356323242 224.0 66.10507202148438
car 0.0558164119720459 222.48289489746094 57.1475944519043 223.61941528320312 64.64108276367188
car 0.053616445511579514 222.81988525390625 54.78820037841797 223.50999450683594 60.97997283935547
car 0.052133675664663315 222.3251495361328 53.5820198059082 222.86502075195312 58.4013786315918
