pool 0.9952818751335144 170.95391845703125 194.34132385253906 216.89947509765625
car 0.210593581199646 165.98110961914062 223.99038696289062 169.85821533203125
pool 0.17206916213035583 165.93878173828125 223.99029541015625 169.9046173095703
pool 0.1526813507080078 171.6217498779297 215.21914672851562 211.03961181640625
pool 0.09921535849571228 215.0537109375 22.747434616088867 223.8308868408203
pool 0.054064203053712845 221.09532165527344 41.40428161621094 223.93190002441406
car 0.053660787642002106 164.2029571533203 223.88902282714844 167.92889404296875
car 0.05265825241804123 166.52195739746094 223.93946838378906 171.16122436523438
car 0.050721198320388794 161.08090209960938 223.95501708984375 165.0157012939453
pool 0.05005121976137161 160.9703369140625 223.95388793945312 165.1316680908203
