car 0.9989960789680481 155.5549774169922 80.7949447631836 166.6141815185547
car 0.9985878467559814 203.05209350585938 0.0 214.1701202392578
car 0.9982106685638428 68.19131469726562 167.6153564453125 79.26033782958984
car 0.9980509281158447 130.5150146484375 69.60452270507812 141.66845703125
car 0.9974495768547058 183.67193603515625 39.036258697509766 194.87628173828125
car 0.9962456822395325 179.661865234375 174.7735595703125 190.79476928710938
car 0.210593581199646 223.9807586669922 215.9852294921875 224.0
pool 0.17206916213035583 223.98056030273438 215.9450225830078 224.0
car 0.12826389074325562 78.95206451416016 166.56732177734375 90.54092407226562
car 0.1195487305521965 0.0 178.65504455566406 3.3780205249786377
car 0.10205870866775513 0.05506955087184906 181.9268798828125 0.8433703780174255
pool 0.08301510661840439 218.67625427246094 205.27713012695312 223.9843292236328
car 0.07069302350282669 0.3516739010810852 181.73910522460938 1.049252986907959
car 0.050791993737220764 0.1689726561307907 183.029541015625 0.385445773601532
