car 0.0 86.7300033569336 10.069999694824219 97.83000183105469
car 48.34000015258789 122.81999969482422 59.45000076293945 133.92999267578125
car 37.70000076293945 115.5199966430664 48.81999969482422 126.62999725341797
car 20.639999389648438 102.05000305175781 31.75 113.16000366210938
car 141.14999389648438 14.220000267028809 152.25999450683594 25.329999923706055
car 129.0800018310547 56.0099983215332 140.19000244140625 67.12999725341797
car 139.49000549316406 74.27999877929688 150.60000610351562 85.38999938964844
car 218.6999969482422 198.22999572753906 224.0 209.3300018310547
car 188.02000427246094 217.94000244140625 199.1300048828125 224.0
car 140.52000427246094 137.0399932861328 151.6300048828125 148.16000366210938
car 116.4000015258789 152.47999572753906 127.51000213623047 163.58999633789062
car 86.6500015258789 172.5500030517578 97.76000213623047 183.66000366210938
car 165.27999877929688 121.22000122070312 176.38999938964844 132.3300018310547
car 165.41000366210938 158.6199951171875 176.52999877929688 169.72999572753906
car 102.45999908447266 215.22999572753906 113.56999969482422 224.0
car 123.19000244140625 185.0500030517578 134.3000030517578 196.1699981689453
car 113.11000061035156 193.55999755859375 124.22000122070312 204.6699981689453
car 145.57000732421875 172.33999633789062 156.67999267578125 183.4499969482422
car 133.38999938964844 179.1300048828125 144.5 190.24000549316406
car 24.190000534057617 214.97000122070312 35.29999923706055 224.0
car 46.900001525878906 45.16999816894531 58.0099983215332 56.290000915527344
car 73.58000183105469 88.94000244140625 84.69000244140625 100.05000305175781
car 86.02999877929688 110.94999694824219 97.13999938964844 122.05999755859375
car 222.22000122070312 84.19000244140625 224.0 92.33999633789062
car 153.63999938964844 34.0 164.75 45.11000061035156
car 164.55999755859375 57.150001525878906 175.6699981689453 68.26000213623047
car 223.30999755859375 23.110000610351562 224.0 28.479999542236328
