car 184.88999938964844 82.44999694824219 196.0 93.56999969482422
car 201.35000610351562 141.80999755859375 212.4600067138672 152.9199981689453
car 181.97999572753906 135.35000610351562 193.10000610351562 146.4600067138672
car 44.0 182.89999389648438 55.11000061035156 194.00999450683594
car 53.900001525878906 176.27999877929688 65.01000213623047 187.38999938964844
car 63.52000045776367 167.74000549316406 74.62999725341797 178.85000610351562
car 170.4600067138672 117.2699966430664 181.57000732421875 128.3800048828125
car 208.02999877929688 78.2300033569336 219.13999938964844 89.33999633789062
car 87.75 81.91999816894531 98.86000061035156 93.02999877929688
car 137.60000610351562 48.279998779296875 148.72000122070312 59.38999938964844
car 72.4800033569336 160.60000610351562 83.5999984741211 171.7100067138672
