car 0.0 28.950000762939453 0.3400000035762787 32.790000915527344
car 10.210000038146973 39.15999984741211 21.31999969482422 50.27000045776367
car 1.4299999475479126 28.920000076293945 12.539999961853027 40.029998779296875
car 20.530000686645508 45.08000183105469 31.639999389648438 56.20000076293945
car 28.8799991607666 56.29999923706055 39.9900016784668 67.41000366210938
car 38.09000015258789 65.76000213623047 49.20000076293945 76.87999725341797
car 48.790000915527344 72.30000305175781 59.900001525878906 83.41000366210938
car 15.65999984741211 104.91999816894531 26.770000457763672 116.02999877929688
car 92.98999786376953 144.0 104.0999984741211 155.11000061035156
car 214.97000122070312 216.5399932861328 224.0 224.0
car 194.0 113.16999816894531 205.11000061035156 124.27999877929688
car 212.8300018310547 127.79000091552734 223.94000244140625 138.89999389648438
car 205.39999389648438 211.7100067138672 216.50999450683594 222.82000732421875
car 156.3800048828125 173.3000030517578 167.49000549316406 184.41000366210938
car 135.3800048828125 156.74000549316406 146.49000549316406 167.85000610351562
car 78.62000274658203 182.88999938964844 89.7300033569336 194.0
car 144.8300018310547 4.980000019073486 155.94000244140625 16.09000015258789
car 91.36000061035156 77.97000122070312 102.47000122070312 89.08999633789062
