car 106.69999694824219 86.22000122070312 117.80999755859375 97.33000183105469
car 76.0199966430664 105.94000244140625 87.12999725341797 117.05000305175781
car 83.55000305175781 141.57000732421875 94.66000366210938 152.67999267578125
car 95.37000274658203 135.0500030517578 106.48999786376953 146.16000366210938
car 104.27999877929688 127.0199966430664 115.38999938964844 138.1300048828125
car 114.97000122070312 120.73999786376953 126.08000183105469 131.85000610351562
car 136.6699981689453 106.93000030517578 147.77999877929688 118.04000091552734
car 144.82000732421875 100.43000030517578 155.92999267578125 111.54000091552734
car 167.13999938964844 44.47999954223633 178.25 55.599998474121094
car 185.22999572753906 36.90999984741211 196.33999633789062 48.02000045776367
car 203.9199981689453 64.58000183105469 215.02999877929688 75.69000244140625
car 28.520000457763672 25.040000915527344 39.630001068115234 36.15999984741211
car 4.400000095367432 40.47999954223633 15.510000228881836 51.59000015258789
car 53.279998779296875 9.220000267028809 64.38999938964844 20.329999923706055
car 53.40999984741211 46.619998931884766 64.52999877929688 57.72999954223633
car 0.0 104.91000366210938 1.5700000524520874 112.6500015258789
car 11.1899995803833 73.05000305175781 22.299999237060547 84.16999816894531
car 1.1100000143051147 81.55999755859375 12.220000267028809 92.66999816894531
car 33.56999969482422 60.34000015258789 44.68000030517578 71.44999694824219
car 214.97999572753906 15.380000114440918 224.0 26.489999771118164
car 136.8800048828125 176.11000061035156 147.99000549316406 187.22000122070312
car 147.0800018310547 169.8699951171875 158.19000244140625 180.97999572753906
car 158.22999572753906 163.82000732421875 169.33999633789062 174.92999267578125
car 166.82000732421875 157.52000427246094 177.92999267578125 168.6300048828125
car 189.0 139.9499969482422 200.11000061035156 151.05999755859375
car 187.66000366210938 178.3699951171875 198.77000427246094 189.47999572753906
car 196.55999755859375 172.39999389648438 207.6699981689453 183.50999450683594
car 207.57000732421875 165.86000061035156 218.67999267578125 176.97999572753906
car 117.0999984741211 77.72000122070312 128.2100067138672 88.83000183105469
car 21.389999389648438 67.12999725341797 32.5 78.23999786376953
car 68.80000305175781 214.94000244140625 79.91000366210938 224.0
car 40.709999084472656 196.0399932861328 51.81999969482422 207.14999389648438
car 0.0 160.27000427246094 0.47999998927116394 164.75999450683594
