car 88.31999969482422 61.63999938964844 99.43000030517578 72.75
car 0.0 191.66000366210938 0.25999999046325684 195.0399932861328
car 2.5299999713897705 189.41000366210938 13.640000343322754 200.52000427246094
car 15.100000381469727 187.7899932861328 26.209999084472656 198.89999389648438
car 28.1299991607666 189.05999755859375 39.2400016784668 200.1699981689453
car 41.27000045776367 190.7899932861328 52.38999938964844 201.89999389648438
car 53.72999954223633 190.2100067138672 64.83999633789062 201.32000732421875
car 66.06999969482422 189.17999267578125 77.18000030517578 200.2899932861328
car 162.86000061035156 222.14999389648438 171.1199951171875 224.0
car 157.5800018310547 210.60000610351562 168.69000244140625 221.7100067138672
car 147.85000610351562 200.97000122070312 158.97000122070312 212.0800018310547
car 207.35000610351562 177.9199981689453 218.4600067138672 189.02999877929688
