car 8.970000267028809 79.19000244140625 20.079999923706055 90.30000305175781
car 53.689998626708984 48.7599983215332 64.80000305175781 59.869998931884766
car 84.11000061035156 29.309999465942383 95.22000122070312 40.41999816894531
car 102.4800033569336 13.550000190734863 113.58999633789062 24.65999984741211
car 113.36000061035156 8.869999885559082 124.47000122070312 19.979999542236328
car 124.2699966430664 3.4700000286102295 135.3800048828125 14.579999923706055
car 133.77000427246094 0.0 144.8699951171875 8.289999961853027
car 57.91999816894531 121.70999908447266 69.02999877929688 132.82000732421875
car 66.80000305175781 116.0999984741211 77.91000366210938 127.20999908447266
car 87.23999786376953 101.41999816894531 98.3499984741211 112.52999877929688
car 98.33000183105469 94.69999694824219 109.44000244140625 105.80999755859375
car 116.7300033569336 81.91999816894531 127.83999633789062 93.02999877929688
car 215.6300048828125 13.670000076293945 224.0 24.780000686645508
car 180.25 44.02000045776367 191.36000061035156 55.130001068115234
car 171.11000061035156 51.08000183105469 182.22000122070312 62.189998626708984
car 191.80999755859375 36.619998931884766 202.9199981689453 47.72999954223633
car 126.0199966430664 74.12000274658203 137.1300048828125 85.2300033569336
car 105.25 88.7699966430664 116.36000061035156 99.87999725341797
car 42.58000183105469 53.52000045776367 53.689998626708984 64.62999725341797
