car 29.149999618530273 126.22000122070312 40.2599983215332 137.3300018310547
car 17.079999923706055 168.00999450683594 28.190000534057617 179.1300048828125
car 27.489999771118164 186.27999877929688 38.599998474121094 197.38999938964844
car 71.80999755859375 81.73999786376953 82.91999816894531 92.8499984741211
car 44.880001068115234 42.790000915527344 55.9900016784668 53.900001525878906
car 53.38999938964844 52.369998931884766 64.5 63.47999954223633
car 68.87000274658203 26.610000610351562 79.9800033569336 37.720001220703125
car 74.02999877929688 37.18000030517578 85.13999938964844 48.290000915527344
car 127.95999908447266 0.0 139.07000732421875 10.15999984741211
car 150.9600067138672 30.360000610351562 162.07000732421875 41.470001220703125
car 158.52000427246094 41.66999816894531 169.6300048828125 52.779998779296875
car 168.3699951171875 63.22999954223633 179.49000549316406 74.3499984741211
car 192.11000061035156 48.150001525878906 203.22000122070312 59.2599983215332
car 197.4600067138672 59.38999938964844 208.57000732421875 70.5
car 185.82000732421875 38.209999084472656 196.94000244140625 49.31999969482422
car 171.32000732421875 16.920000076293945 182.42999267578125 28.040000915527344
car 178.47999572753906 26.899999618530273 189.60000610351562 38.0099983215332
car 209.86000061035156 129.1999969482422 220.97999572753906 140.30999755859375
car 209.00999450683594 171.3000030517578 220.1199951171875 182.41000366210938
car 102.80999755859375 76.7699966430664 113.91999816894531 87.87999725341797
car 110.20999908447266 194.7100067138672 121.33000183105469 205.82000732421875
car 172.67999267578125 155.61000061035156 183.7899932861328 166.72000122070312
car 41.63999938964844 146.0 52.75 157.11000061035156
car 52.560001373291016 169.14999389648438 63.66999816894531 180.25999450683594
car 111.30999755859375 132.24000549316406 122.41999816894531 143.35000610351562
