car 62.52000045776367 22.959999084472656 73.62999725341797 34.06999969482422
car 74.83999633789062 21.549999237060547 85.94999694824219 32.65999984741211
car 85.0199966430664 20.059999465942383 96.13999938964844 31.170000076293945
car 98.3499984741211 20.829999923706055 109.45999908447266 31.950000762939453
car 110.04000091552734 20.010000228881836 121.1500015258789 31.1299991607666
car 219.63999938964844 19.829999923706055 224.0 30.68000030517578
car 144.2899932861328 19.3700008392334 155.39999389648438 30.479999542236328
car 157.94000244140625 19.690000534057617 169.0500030517578 30.799999237060547
car 170.97000122070312 20.299999237060547 182.0800018310547 31.40999984741211
car 180.72000122070312 22.18000030517578 191.8300018310547 33.290000915527344
car 194.0 20.030000686645508 205.11000061035156 31.139999389648438
car 121.69000244140625 22.030000686645508 132.8000030517578 33.13999938964844
car 50.93000030517578 22.440000534057617 62.040000915527344 33.54999923706055
car 219.33999633789062 19.690000534057617 224.0 30.649999618530273
car 193.77999877929688 21.780000686645508 204.88999938964844 32.88999938964844
car 157.5800018310547 20.770000457763672 168.69000244140625 31.8799991607666
car 74.48999786376953 21.450000762939453 85.5999984741211 32.56999969482422
car 62.779998779296875 24.18000030517578 73.88999938964844 35.290000915527344
