car 3.4800000190734863 90.22000122070312 14.59000015258789 101.33000183105469
car 0.0 81.0999984741211 6.730000019073486 92.20999908447266
car 15.960000038146973 220.3000030517578 26.43000030517578 224.0
car 38.959999084472656 207.2100067138672 50.06999969482422 218.32000732421875
car 193.75999450683594 200.1699981689453 204.8699951171875 211.27999877929688
car 177.0399932861328 174.94000244140625 188.14999389648438 186.0500030517578
car 162.27000427246094 1.590000033378601 173.3800048828125 12.699999809265137
car 169.47000122070312 10.4399995803833 180.5800018310547 21.549999237060547
car 178.2899932861328 20.09000015258789 189.39999389648438 31.200000762939453
car 181.50999450683594 32.650001525878906 192.6199951171875 43.7599983215332
car 211.47000122070312 13.5600004196167 222.5800018310547 24.670000076293945
car 186.25 101.02999877929688 197.36000061035156 112.13999938964844
car 212.3800048828125 84.36000061035156 223.49000549316406 95.4800033569336
car 202.77000427246094 90.94000244140625 213.8800048828125 102.05000305175781
car 222.25 81.6500015258789 224.0 89.73999786376953
car 35.04999923706055 31.299999237060547 46.15999984741211 42.40999984741211
car 74.44999694824219 90.80000305175781 85.56999969482422 101.91000366210938
car 8.789999961853027 102.23999786376953 19.899999618530273 113.3499984741211
car 50.849998474121094 161.5800018310547 61.959999084472656 172.69000244140625
car 42.90999984741211 152.8800048828125 54.02000045776367 163.99000549316406
car 34.709999084472656 141.24000549316406 45.81999969482422 152.35000610351562
car 120.41000366210938 161.99000549316406 131.52000427246094 173.10000610351562
car 144.16000366210938 126.93000030517578 155.27000427246094 138.0399932861328
car 148.9499969482422 202.5 160.07000732421875 213.61000061035156
car 197.27999877929688 0.0 207.83999633789062 3.8399999141693115
car 61.540000915527344 2.049999952316284 72.6500015258789 13.15999984741211
car 77.19000244140625 24.170000076293945 88.30000305175781 35.279998779296875
