car 24.469999313354492 178.39999389648438 35.58000183105469 189.50999450683594
car 57.16999816894531 37.18000030517578 68.27999877929688 48.290000915527344
car 56.33000183105469 50.02000045776367 67.44000244140625 61.130001068115234
car 55.79999923706055 73.58000183105469 66.91000366210938 84.69000244140625
car 1.5099999904632568 70.11000061035156 12.619999885559082 81.22000122070312
car 56.83000183105469 8.180000305175781 67.94999694824219 19.290000915527344
car 58.029998779296875 0.0 69.13999938964844 5.659999847412109
car 57.09000015258789 124.5 68.19999694824219 135.61000061035156
car 57.619998931884766 109.16999816894531 68.73999786376953 120.27999877929688
car 0.0 119.56999969482422 9.380000114440918 130.67999267578125
car 24.989999771118164 179.6999969482422 36.099998474121094 190.80999755859375
