car 152.24000549316406 0.0 163.33999633789062 7.650000095367432
car 176.8800048828125 13.640000343322754 187.99000549316406 24.75
car 152.08999633789062 25.459999084472656 163.1999969482422 36.56999969482422
car 160.5 38.13999938964844 171.61000061035156 49.25
car 190.6999969482422 36.86000061035156 201.80999755859375 47.970001220703125
car 164.77000427246094 49.959999084472656 175.8800048828125 61.08000183105469
car 185.13999938964844 82.7300033569336 196.25 93.83999633789062
car 192.8300018310547 95.69000244140625 203.94000244140625 106.80000305175781
car 220.75999450683594 81.23999786376953 224.0 91.33999633789062
car 202.66000366210938 107.51000213623047 213.77000427246094 118.62999725341797
car 210.77999877929688 118.4800033569336 221.88999938964844 129.58999633789062
car 198.82000732421875 60.36000061035156 209.92999267578125 71.47000122070312
car 51.939998626708984 28.93000030517578 63.060001373291016 40.040000915527344
