car 115.4800033569336 90.22000122070312 126.58999633789062 101.33000183105469
car 107.62000274658203 81.0999984741211 118.7300033569336 92.22000122070312
car 15.960000038146973 111.05999755859375 27.06999969482422 122.16999816894531
car 38.959999084472656 142.36000061035156 50.06999969482422 153.47000122070312
car 46.52000045776367 153.6699981689453 57.630001068115234 164.77999877929688
car 56.369998931884766 175.22999572753906 67.48999786376953 186.35000610351562
car 80.11000061035156 160.14999389648438 91.22000122070312 171.25999450683594
car 85.45999908447266 171.38999938964844 96.56999969482422 182.5
car 73.81999969482422 150.2100067138672 84.94000244140625 161.32000732421875
car 59.31999969482422 128.9199981689453 70.43000030517578 140.0399932861328
car 66.4800033569336 138.89999389648438 77.5999984741211 150.00999450683594
car 40.060001373291016 98.19000244140625 51.16999816894531 109.30999755859375
car 127.95999908447266 220.3000030517578 138.42999267578125 224.0
car 150.9600067138672 207.2100067138672 162.07000732421875 218.32000732421875
car 147.0500030517578 31.299999237060547 158.16000366210938 42.40999984741211
car 186.4499969482422 90.80000305175781 197.57000732421875 101.91000366210938
car 120.79000091552734 102.23999786376953 131.89999389648438 113.3499984741211
car 162.85000610351562 161.5800018310547 173.9600067138672 172.69000244140625
car 154.91000366210938 152.8800048828125 166.02000427246094 163.99000549316406
car 146.7100067138672 141.24000549316406 157.82000732421875 152.35000610351562
car 0.0 190.1199951171875 1.9199999570846558 198.52000427246094
car 173.5399932861328 2.049999952316284 184.64999389648438 13.15999984741211
car 189.19000244140625 24.170000076293945 200.3000030517578 35.279998779296875
