car 188.0500030517578 0.0 199.11000061035156 5.050000190734863
car 195.5500030517578 29.56999969482422 206.66000366210938 40.68000030517578
car 207.3699951171875 23.049999237060547 218.49000549316406 34.15999984741211
car 216.27999877929688 15.020000457763672 224.0 26.1299991607666
car 103.48999786376953 0.0 112.55000305175781 2.3399999141693115
car 94.63999938964844 0.019999999552965164 105.75 11.130000114440918
car 25.420000076293945 0.0 34.08000183105469 2.0799999237060547
car 0.0 15.079999923706055 2.619999885559082 24.520000457763672
car 192.52000427246094 113.3499984741211 203.6300048828125 124.45999908447266
car 180.8000030517578 102.94000244140625 191.91000366210938 114.05000305175781
car 152.7100067138672 84.04000091552734 163.82000732421875 95.1500015258789
car 90.69999694824219 34.16999816894531 101.80999755859375 45.279998779296875
car 101.37000274658203 44.959999084472656 112.4800033569336 56.06999969482422
