car 204.02999877929688 7.230000019073486 215.13999938964844 18.34000015258789
car 206.19000244140625 22.59000015258789 217.3000030517578 33.70000076293945
car 205.25999450683594 36.380001068115234 216.3699951171875 47.4900016784668
car 221.13999938964844 75.45999908447266 224.0 85.18000030517578
car 208.83999633789062 50.38999938964844 219.9600067138672 61.5
car 214.1999969482422 63.130001068115234 224.0 74.23999786376953
car 206.38999938964844 23.139999389648438 217.5 34.25
car 221.08999633789062 75.30000305175781 224.0 85.06999969482422
car 214.02000427246094 63.459999084472656 224.0 74.56999969482422
car 204.8800048828125 37.11000061035156 215.99000549316406 48.220001220703125
