car 0.0 131.6999969482422 6.75 142.80999755859375
car 24.469999313354492 66.4000015258789 35.58000183105469 77.51000213623047
car 20.829999923706055 153.0800018310547 31.940000534057617 164.19000244140625
car 18.309999465942383 168.89999389648438 29.420000076293945 180.00999450683594
car 18.489999771118164 194.74000549316406 29.600000381469727 205.85000610351562
car 21.18000030517578 207.60000610351562 32.290000915527344 218.72000122070312
car 20.719999313354492 219.0800018310547 31.75 224.0
car 57.09000015258789 12.5 68.19999694824219 23.610000610351562
car 57.630001068115234 0.0 68.7300033569336 8.279999732971191
car 0.0 7.570000171661377 9.380000114440918 18.68000030517578
car 7.21999979019165 128.97999572753906 18.329999923706055 140.10000610351562
car 0.0 131.61000061035156 6.440000057220459 142.72000122070312
car 24.989999771118164 67.69999694824219 36.099998474121094 78.80999755859375
