car 101.83000183105469 21.09000015258789 112.94000244140625 32.20000076293945
car 111.73999786376953 15.710000038146973 122.8499984741211 26.81999969482422
car 124.7699966430664 11.300000190734863 135.8800048828125 22.40999984741211
car 133.1199951171875 1.5800000429153442 144.22999572753906 12.6899995803833
car 143.9199981689453 0.0 155.02000427246094 6.769999980926514
car 10.5 4.659999847412109 21.610000610351562 15.770000457763672
car 18.600000381469727 14.319999694824219 29.709999084472656 25.43000030517578
car 25.440000534057617 26.389999389648438 36.54999923706055 37.5099983215332
car 31.579999923706055 38.560001373291016 42.689998626708984 49.66999816894531
car 126.33000183105469 49.310001373291016 137.44000244140625 60.41999816894531
car 146.13999938964844 74.3499984741211 157.25 85.45999908447266
car 166.1300048828125 89.1500015258789 177.25 100.26000213623047
car 175.5 93.69000244140625 186.61000061035156 104.80000305175781
car 112.33999633789062 114.37000274658203 123.44999694824219 125.4800033569336
car 172.17999267578125 163.58999633789062 183.2899932861328 174.6999969482422
car 192.2899932861328 179.0500030517578 203.39999389648438 190.16000366210938
car 131.4600067138672 132.5800018310547 142.57000732421875 143.6999969482422
