car 0.0 72.55000305175781 9.819999694824219 83.66000366210938
car 0.0 60.5 5.300000190734863 71.5999984741211
car 39.72999954223633 46.34000015258789 50.84000015258789 57.45000076293945
car 88.08999633789062 71.83000183105469 99.20999908447266 82.94000244140625
car 22.3700008392334 221.66000366210938 31.420000076293945 224.0
car 72.36000061035156 181.50999450683594 83.47000122070312 192.6199951171875
car 81.05000305175781 194.82000732421875 92.16000366210938 205.92999267578125
car 90.37999725341797 205.5800018310547 101.48999786376953 216.69000244140625
car 95.47000122070312 217.11000061035156 106.58000183105469 224.0
car 123.47000122070312 175.7899932861328 134.5800018310547 186.89999389648438
car 23.329999923706055 222.5800018310547 30.739999771118164 224.0
