car 0.0 86.22000122070312 5.809999942779541 97.33000183105469
car 0.0 127.45999908447266 3.390000104904175 137.69000244140625
car 2.9700000286102295 120.73999786376953 14.079999923706055 131.85000610351562
car 24.670000076293945 106.93000030517578 35.779998779296875 118.04000091552734
car 32.81999969482422 100.43000030517578 43.93000030517578 111.54000091552734
car 55.13999938964844 44.47999954223633 66.25 55.599998474121094
car 73.2300033569336 36.90999984741211 84.33999633789062 48.02000045776367
car 91.91999816894531 64.58000183105469 103.02999877929688 75.69000244140625
car 102.9800033569336 15.380000114440918 114.08999633789062 26.5
car 114.55999755859375 8.0600004196167 125.66999816894531 19.18000030517578
car 133.94000244140625 0.0 145.0399932861328 7.179999828338623
car 24.8799991607666 176.11000061035156 35.9900016784668 187.22000122070312
car 35.08000183105469 169.8699951171875 46.189998626708984 180.97999572753906
car 46.22999954223633 163.82000732421875 57.34000015258789 174.92999267578125
car 54.81999969482422 157.52000427246094 65.93000030517578 168.6300048828125
car 77.0 139.9499969482422 88.11000061035156 151.05999755859375
car 75.66000366210938 178.3699951171875 86.7699966430664 189.47999572753906
car 84.55999755859375 172.39999389648438 95.66999816894531 183.50999450683594
car 95.56999969482422 165.86000061035156 106.68000030517578 176.97999572753906
car 190.2100067138672 174.63999938964844 201.32000732421875 185.75
car 171.13999938964844 195.5399932861328 182.25 206.64999389648438
car 183.22000122070312 70.58999633789062 194.3300018310547 81.70999908447266
car 151.0500030517578 88.62000274658203 162.16000366210938 99.7300033569336
car 136.61000061035156 138.1699981689453 147.72000122070312 149.27999877929688
car 156.0500030517578 125.16999816894531 167.16000366210938 136.27999877929688
car 116.30999755859375 152.58999633789062 127.41999816894531 163.6999969482422
car 169.8300018310547 120.19000244140625 180.9499969482422 131.3000030517578
car 5.099999904632568 77.72000122070312 16.209999084472656 88.83000183105469
