car 0.0 16.600000381469727 2.0899999141693115 25.280000686645508
car 2.559999942779541 8.0600004196167 13.670000076293945 19.18000030517578
car 21.940000534057617 0.0 33.040000915527344 7.179999828338623
car 194.02000427246094 61.20000076293945 205.1300048828125 72.30999755859375
car 202.58999633789062 73.88999938964844 213.6999969482422 85.01000213623047
car 208.42999267578125 81.9800033569336 219.5399932861328 93.08999633789062
car 216.1300048828125 91.75 224.0 102.86000061035156
car 137.39999389648438 102.02999877929688 148.50999450683594 113.1500015258789
car 164.6199951171875 124.2300033569336 175.74000549316406 135.33999633789062
car 131.83999633789062 132.25999450683594 142.9499969482422 143.3699951171875
car 152.97000122070312 0.0 164.0800018310547 6.630000114440918
car 78.20999908447266 174.63999938964844 89.31999969482422 185.75
car 59.13999938964844 195.5399932861328 70.25 206.64999389648438
car 71.22000122070312 70.58999633789062 82.33000183105469 81.70999908447266
car 39.04999923706055 88.62000274658203 50.15999984741211 99.7300033569336
car 24.610000610351562 138.1699981689453 35.720001220703125 149.27999877929688
car 44.04999923706055 125.16999816894531 55.15999984741211 136.27999877929688
car 4.309999942779541 152.58999633789062 15.420000076293945 163.6999969482422
car 57.83000183105469 120.19000244140625 68.94999694824219 131.3000030517578
car 216.9199981689453 91.30999755859375 224.0 102.41999816894531
car 203.35000610351562 73.1500015258789 214.4600067138672 84.26000213623047
car 194.55999755859375 61.310001373291016 205.6699981689453 72.41999816894531
car 121.08000183105469 149.08999633789062 132.19000244140625 160.1999969482422
