car 204.02999877929688 119.2300033569336 215.13999938964844 130.33999633789062
car 206.19000244140625 134.58999633789062 217.3000030517578 145.6999969482422
car 205.25999450683594 148.3800048828125 216.3699951171875 159.49000549316406
car 221.13999938964844 187.4600067138672 224.0 197.17999267578125
car 208.83999633789062 162.38999938964844 219.9600067138672 173.5
car 214.1999969482422 175.1300048828125 224.0 186.24000549316406
car 206.38999938964844 135.13999938964844 217.5 146.25
car 221.08999633789062 187.3000030517578 224.0 197.07000732421875
car 214.02000427246094 175.4600067138672 224.0 186.57000732421875
car 204.8800048828125 149.11000061035156 215.99000549316406 160.22000122070312
