car 98.66000366210938 199.35000610351562 109.7699966430664 210.47000122070312
car 115.41000366210938 180.6699981689453 126.5199966430664 191.77999877929688
car 129.64999389648438 159.7100067138672 140.75999450683594 170.82000732421875
car 144.9499969482422 188.05999755859375 156.05999755859375 199.1699981689453
car 139.02999877929688 198.3800048828125 150.13999938964844 209.49000549316406
car 204.69000244140625 218.75 215.77999877929688 224.0
car 172.02000427246094 107.13999938964844 183.1300048828125 118.25
car 208.02000427246094 140.19000244140625 219.1300048828125 151.3000030517578
car 148.4199981689453 91.9800033569336 159.52999877929688 103.08999633789062
car 161.05999755859375 98.9800033569336 172.1699981689453 110.08999633789062
car 192.8300018310547 127.61000061035156 203.94000244140625 138.72000122070312
car 182.7100067138672 116.98999786376953 193.82000732421875 128.10000610351562
car 220.61000061035156 145.85000610351562 224.0 156.0800018310547
car 84.37999725341797 219.07000732421875 95.41000366210938 224.0
car 202.50999450683594 60.40999984741211 213.6199951171875 71.5199966430664
