car 23.8700008392334 140.49000549316406 34.97999954223633 151.60000610351562
car 12.5 148.88999938964844 23.610000610351562 160.0
car 102.4800033569336 169.49000549316406 113.58999633789062 180.60000610351562
car 89.68000030517578 177.24000549316406 100.79000091552734 188.35000610351562
car 75.22000122070312 187.80999755859375 86.33000183105469 198.9199981689453
car 61.84000015258789 195.0500030517578 72.94999694824219 206.16000366210938
car 47.04999923706055 204.52999877929688 58.15999984741211 215.63999938964844
car 173.22999572753906 126.66999816894531 184.33999633789062 137.7899932861328
car 161.13999938964844 131.30999755859375 172.25 142.4199981689453
car 145.6699981689453 139.67999267578125 156.77999877929688 150.8000030517578
car 187.0800018310547 116.19999694824219 198.19000244140625 127.30999755859375
car 215.66000366210938 94.66999816894531 224.0 105.77999877929688
car 198.10000610351562 148.97999572753906 209.2100067138672 160.08999633789062
car 117.13999938964844 161.10000610351562 128.25 172.22000122070312
car 138.4199981689453 189.39999389648438 149.52999877929688 200.50999450683594
car 102.87000274658203 212.08999633789062 113.9800033569336 223.1999969482422
car 161.10000610351562 175.13999938964844 172.22000122070312 186.25
car 202.50999450683594 107.36000061035156 213.6199951171875 118.47000122070312
