car 41.939998626708984 115.56999969482422 53.04999923706055 126.68000030517578
car 12.569999694824219 94.19999694824219 23.68000030517578 105.30999755859375
car 0.0 77.31999969482422 6.849999904632568 88.43000030517578
car 29.350000381469727 204.24000549316406 40.459999084472656 215.35000610351562
car 14.720000267028809 175.63999938964844 25.829999923706055 186.75
car 108.31999969482422 164.6300048828125 119.43000030517578 175.75
car 117.87000274658203 174.41000366210938 128.97999572753906 185.52000427246094
car 52.47999954223633 122.68000030517578 63.59000015258789 133.7899932861328
car 71.79000091552734 139.30999755859375 82.9000015258789 150.4199981689453
car 155.6199951171875 203.7100067138672 166.72999572753906 214.82000732421875
car 145.0800018310547 196.47999572753906 156.19000244140625 207.60000610351562
car 128.05999755859375 181.83999633789062 139.1699981689453 192.9499969482422
car 136.6300048828125 190.00999450683594 147.74000549316406 201.1300048828125
car 164.47000122070312 211.85000610351562 175.5800018310547 222.9600067138672
car 105.20999908447266 222.86000061035156 111.93000030517578 224.0
car 0.0 3.3399999141693115 9.989999771118164 14.449999809265137
car 21.459999084472656 25.100000381469727 32.58000183105469 36.209999084472656
car 44.5099983215332 41.849998474121094 55.619998931884766 52.959999084472656
car 165.75999450683594 138.77999877929688 176.8699951171875 149.89999389648438
car 141.11000061035156 118.91999816894531 152.22000122070312 130.02999877929688
car 122.2300033569336 102.75 133.33999633789062 113.86000061035156
car 101.18000030517578 86.27999877929688 112.29000091552734 97.4000015258789
car 76.26000213623047 67.94000244140625 87.37000274658203 79.05000305175781
car 211.47000122070312 62.16999816894531 222.5800018310547 73.27999877929688
car 42.09000015258789 170.50999450683594 53.209999084472656 181.6199951171875
car 25.25 158.55999755859375 36.36000061035156 169.6699981689453
car 35.66999816894531 191.91000366210938 46.779998779296875 203.02999877929688
car 18.18000030517578 210.97000122070312 29.290000915527344 222.0800018310547
car 12.649999618530273 221.8699951171875 21.389999389648438 224.0
car 173.39999389648438 218.4600067138672 184.50999450683594 224.0
car 81.66999816894531 146.8800048828125 92.77999877929688 158.0
car 97.94000244140625 161.2899932861328 109.05000305175781 172.41000366210938
car 61.52000045776367 131.22000122070312 72.62999725341797 142.3300018310547
car 31.389999389648438 109.19999694824219 42.5 120.30999755859375
car 23.15999984741211 100.66000366210938 34.27000045776367 111.7699966430664
car 4.510000228881836 86.30999755859375 15.619999885559082 97.41999816894531
