pool 0.0 59.630001068115234 26.799999237060547 104.06999969482422
car 202.30999755859375 177.92999267578125 213.4199981689453 189.0399932861328
car 214.55999755859375 179.22999572753906 224.0 190.33999633789062
car 187.94000244140625 174.67999267578125 199.0500030517578 185.7899932861328
car 216.8699951171875 0.0 224.0 7.840000152587891
car 160.72000122070312 14.460000038146973 171.8300018310547 25.56999969482422
car 160.8300018310547 52.36000061035156 171.94000244140625 63.470001220703125
car 161.66000366210938 76.61000061035156 172.77000427246094 87.72000122070312
car 130.08999633789062 135.94000244140625 141.2100067138672 147.0500030517578
car 218.13999938964844 45.72999954223633 224.0 56.83000183105469
car 217.5399932861328 7.809999942779541 224.0 18.920000076293945
car 218.52999877929688 0.0 224.0 7.809999942779541
car 218.36000061035156 8.210000038146973 224.0 19.31999969482422
car 217.92999267578125 45.939998626708984 224.0 57.04999923706055
car 159.77000427246094 51.56999969482422 170.8800048828125 62.68000030517578
car 160.5500030517578 76.91999816894531 171.66000366210938 88.02999877929688
car 131.6699981689453 135.1300048828125 142.77999877929688 146.24000549316406
car 130.32000732421875 121.68000030517578 141.42999267578125 132.7899932861328
car 189.00999450683594 176.9199981689453 200.1199951171875 188.02999877929688
car 202.4600067138672 180.1999969482422 213.5800018310547 191.30999755859375
